1.05
1.055
1.06
1.065
1.07
1.075
1.08
1.085
1.09
1.095
1.1
1.105
1.11
1.115
1.12
1.125
1.1300000000000001
1.135
1.1400000000000001
1.145
1.1500000000000001
1.155
1.1600000000000001
1.165
1.17
1.175
1.1800000000000002
1.185
1.19
1.195
1.2
1.205
1.21
1.215
1.22
1.225
1.23
1.235
1.24
1.245
1.25
1.2550000000000001
1.26
1.2650000000000001
1.27
1.2750000000000001
1.28
1.2850000000000001
1.29
1.295
1.3
1.3050000000000002
1.31
1.315
1.32
1.3250000000000002
1.33
1.335
1.34
1.345
1.35
1.355
1.36
1.365
1.37
1.375
1.3800000000000001
1.385
1.3900000000000001
1.395
1.4000000000000001
1.405
1.4100000000000001
1.415
1.42
1.425
1.4300000000000002
1.435
1.44
1.445
1.4500000000000002
1.455
1.46
1.465
1.47
1.475
1.48
1.485
1.49
1.495
1.5
1.5050000000000001
1.51
1.5150000000000001
1.52
1.5250000000000001
1.53
1.5350000000000001
1.54
1.545
1.55
1.5550000000000002
1.56
1.565
1.57
1.5750000000000002
1.58
1.585
1.59
1.5950000000000002
1.6
1.605
1.61
1.6150000000000002
1.62
1.625
1.63
1.635
1.6400000000000001
1.645
1.65
1.655
1.6600000000000001
1.665
1.67
1.675
1.6800000000000002
1.685
1.69
1.695
1.7000000000000002
1.705
1.71
1.715
1.7200000000000002
1.725
1.73
1.735
1.7400000000000002
1.745
1.75
1.755
1.76
1.7650000000000001
1.77
1.775
1.78
1.7850000000000001
1.79
1.795
1.8
1.8050000000000002
1.81
1.815
1.82
1.8250000000000002
1.83
1.835
1.84
1.8450000000000002
1.85
1.855
1.86
1.8650000000000002
1.87
1.875
1.8800000000000001
1.885
1.8900000000000001
1.895
1.9
1.905
1.9100000000000001
1.915
1.92
1.925
1.9300000000000002
1.935
1.94
1.945
1.9500000000000002
1.955
1.96
1.965
1.9700000000000002
1.975
1.98
1.985
1.9900000000000002
1.995
2.
2.005
2.01
2.015
2.02
2.025
2.0300000000000002
2.035
2.04
2.045
2.05
2.055
2.06
2.0650000000000004
2.0700000000000003
2.075
2.08
2.085
2.09
2.0949999999999998
2.1
2.105
2.1100000000000003
2.115
2.12
2.125
2.13
2.135
2.14
2.145
2.1500000000000004
2.1550000000000002
2.16
2.165
2.17
2.175
2.18
2.185
2.1900000000000004
2.1950000000000003
2.2
2.205
2.21
2.215
2.2199999999999998
2.225
2.23
2.2350000000000003
2.24
2.245
2.25
2.255
2.26
2.265
2.27
2.2750000000000004
2.2800000000000002
2.285
2.29
2.295
2.3
2.305
2.31
2.3150000000000004
2.3200000000000003
2.325
2.33
2.335
2.34
2.3449999999999998
2.35
2.355
2.3600000000000003
2.365
2.37
2.375
2.38
2.385
2.39
2.395
2.4000000000000004
2.4050000000000002
2.41
2.415
2.42
2.425
2.43
2.435
2.4400000000000004
2.4450000000000003
2.45
2.455
2.46
2.465
2.4699999999999998
2.475
2.48
2.4850000000000003
2.49
2.495
2.5
2.505
2.51
2.515
2.52
2.5250000000000004
2.5300000000000002
2.535
2.54
2.545
2.55
2.555
2.56
2.5650000000000004
2.5700000000000003
2.575
2.58
2.585
2.59
2.5949999999999998
2.6
2.605
2.6100000000000003
2.615
2.62
2.625
2.63
2.635
2.64
2.645
2.6500000000000004
2.6550000000000002
2.66
2.665
2.67
2.675
2.68
2.685
2.6900000000000004
2.6950000000000003
2.7
2.705
2.71
2.715
2.7199999999999998
2.725
2.73
2.7350000000000003
2.74
2.745
2.75
2.755
2.76
2.765
2.77
2.7750000000000004
2.7800000000000002
2.785
2.79
2.795
2.8
2.805
2.81
2.8150000000000004
2.8200000000000003
2.825
2.83
2.835
2.84
2.8449999999999998
2.85
2.855
2.8600000000000003
2.865
2.87
2.875
2.88
2.885
2.89
2.895
2.9000000000000004
2.9050000000000002
2.91
2.915
2.92
2.925
2.93
2.935
2.9400000000000004
2.9450000000000003
2.95
2.955
2.96
2.965
2.9699999999999998
2.975
2.98
2.9850000000000003
2.99
2.995
3.
3.005
3.01
3.015
3.02
3.0250000000000004
3.0300000000000002
3.035
3.04
3.045
3.05
3.0549999999999997
3.0600000000000005
3.0650000000000004
3.0700000000000003
3.075
3.08
3.085
3.09
3.0949999999999998
3.0999999999999996
3.1050000000000004
3.1100000000000003
3.115
3.12
3.125
3.13
3.135
3.1399999999999997
3.1450000000000005
3.1500000000000004
3.1550000000000002
3.16
3.165
3.17
3.175
3.1799999999999997
3.1850000000000005
3.1900000000000004
3.1950000000000003
3.2
3.205
3.21
3.215
3.2199999999999998
3.2250000000000005
3.2300000000000004
3.2350000000000003
3.24
3.245
3.25
3.255
3.26
3.2649999999999997
3.2700000000000005
3.2750000000000004
3.2800000000000002
3.285
3.29
3.295
3.3
3.3049999999999997
3.3100000000000005
3.3150000000000004
3.3200000000000003
3.325
3.33
3.335
3.34
3.3449999999999998
3.3500000000000005
3.3550000000000004
3.3600000000000003
3.365
3.37
3.375
3.38
3.385
3.3899999999999997
3.3950000000000005
3.4000000000000004
3.4050000000000002
3.41
3.415
3.42
3.425
3.4299999999999997
3.4350000000000005
3.4400000000000004
3.4450000000000003
3.45
3.455
3.46
3.465
3.4699999999999998
3.4750000000000005
3.4800000000000004
3.4850000000000003
3.49
3.495
3.5
3.505
3.51
3.5149999999999997
3.5200000000000005
3.5250000000000004
3.5300000000000002
3.535
3.54
3.545
3.55
3.5549999999999997
3.5600000000000005
3.5650000000000004
3.5700000000000003
3.575
3.58
3.585
3.59
3.5949999999999998
3.6000000000000005
3.6050000000000004
3.6100000000000003
3.615
3.62
3.625
3.63
3.635
3.6399999999999997
3.6450000000000005
3.6500000000000004
3.6550000000000002
3.66
3.665
3.67
3.675
3.6799999999999997
3.6850000000000005
3.6900000000000004
3.6950000000000003
3.7
3.705
3.71
3.715
3.7199999999999998
3.7250000000000005
3.7300000000000004
3.7350000000000003
3.74
3.745
3.75
3.755
3.76
3.7649999999999997
3.7700000000000005
3.7750000000000004
3.7800000000000002
3.785
3.79
3.795
3.8
3.8049999999999997
3.8100000000000005
3.8150000000000004
3.8200000000000003
3.825
3.83
3.835
3.84
3.8449999999999998
3.8500000000000005
3.8550000000000004
3.8600000000000003
3.865
3.87
3.875
3.88
3.885
3.8899999999999997
3.8950000000000005
3.9000000000000004
3.9050000000000002
3.91
3.915
3.92
3.925
3.9299999999999997
3.9350000000000005
3.9400000000000004
3.9450000000000003
3.95
3.955
3.96
3.965
3.9699999999999998
3.9750000000000005
3.9800000000000004
3.9850000000000003
3.99
3.995
4.
4.005
4.01
4.015
4.0200000000000005
4.025
4.03
4.035
4.04
4.045
4.05
4.055
4.0600000000000005
4.065
4.07
4.075
4.08
4.085
4.09
4.095
4.1000000000000005
4.105
4.11
4.115
4.12
4.125
4.13
4.135
4.14
4.1450000000000005
4.15
4.155
4.16
4.165
4.17
4.175
4.18
4.1850000000000005
4.19
4.195
4.2
4.205
4.21
4.215
4.22
4.2250000000000005
4.23
4.235
4.24
4.245
4.25
4.255
4.26
4.265
4.2700000000000005
4.275
4.28
4.285
4.29
4.295
4.3
4.305
4.3100000000000005
4.315
4.32
4.325
4.33
4.335
4.34
4.345
4.3500000000000005
4.355
4.36
4.365
4.37
4.375
4.38
4.385
4.39
4.3950000000000005
4.4
4.405
4.41
4.415
4.42
4.425
4.43
4.4350000000000005
4.44
4.445
4.45
4.455
4.46
4.465
4.47
4.4750000000000005
4.48
4.485
4.49
4.495
4.5
4.505
4.51
4.515
4.5200000000000005
4.525
4.53
4.535
4.54
4.545
4.55
4.555
4.5600000000000005
4.565
4.57
4.575
4.58
4.585
4.59
4.595
4.6000000000000005
4.605
4.61
4.615
4.62
4.625
4.63
4.635
4.64
4.6450000000000005
4.65
4.655
4.66
4.665
4.67
4.675
4.68
4.6850000000000005
4.69
4.695
4.7
4.705
4.71
4.715
4.72
4.7250000000000005
4.73
4.735
4.74
4.745
4.75
4.755
4.76
4.765
4.7700000000000005
4.775
4.78
4.785
4.79
4.795
4.8
4.805
4.8100000000000005
4.815
4.82
4.825
4.83
4.835
4.84
4.845
4.8500000000000005
4.855
4.86
4.865
4.87
4.875
4.88
4.885
4.89
4.8950000000000005
4.9
4.905
4.91
4.915
4.92
4.925
4.93
4.9350000000000005
4.94
4.945
4.95
4.955
4.96
4.965
4.97
4.9750000000000005
4.98
4.985
4.99
4.995
5.