2.15
2.1999999999999997
2.25
2.3
2.35
2.4
2.45
2.5
2.55
2.6
2.65
2.7
2.75
2.8
2.85
2.9
2.95
3.
3.05
3.1
3.15
3.2
3.25
3.3
3.35
3.4
3.45
3.5
3.55
3.6
3.65
3.7
3.75
3.8
3.85
3.9
3.95
4.
4.05
4.1
4.15
4.2
4.25
4.3
4.35
4.4
4.45
4.5
4.550000000000001
4.6
4.65
4.7
4.75
4.800000000000001
4.85
4.9
4.95
5.
5.050000000000001
5.1
5.15
5.2
5.25
5.300000000000001
5.35
5.4
5.45
5.5
5.550000000000001
5.6
5.65
5.7
5.75
5.800000000000001
5.85
5.9
5.95
6.
6.050000000000001
6.1
6.15
6.199999999999999
6.25
6.300000000000001
6.35
6.4
6.449999999999999
6.5
6.550000000000001
6.6
6.65
6.699999999999999
6.75
6.800000000000001
6.85
6.9
6.950000000000001
7.
7.050000000000001
7.1
7.15
7.200000000000001
7.25
7.300000000000001
7.35
7.4
7.450000000000001
7.5
7.550000000000001
7.6
7.65
7.700000000000001
7.75
7.800000000000001
7.85
7.9
7.950000000000001
8.
8.05
8.1
8.15
8.200000000000001
8.25
8.3
8.35
8.4
8.450000000000001
8.5
8.55
8.6
8.65
8.700000000000001
8.75
8.8
8.85
8.9
8.950000000000001
9.
9.05
9.1
9.15
9.200000000000001
9.25
9.3
9.35
9.4
9.450000000000001
9.5
9.55
9.6
9.65
9.700000000000001
9.75
9.8
9.85
9.9
9.950000000000001
10.
10.05
10.1
10.15
10.200000000000001
10.25
10.3
10.350000000000001
10.4
10.450000000000001
10.5
10.55
10.600000000000001
10.65
10.700000000000001
10.75
10.8
10.850000000000001
10.9
10.950000000000001
11.
11.05
11.100000000000001
11.15
11.200000000000001
11.25
11.3
11.350000000000001
11.4
11.450000000000001
11.5
11.55
11.600000000000001
11.65
11.700000000000001
11.750000000000002
11.8
11.850000000000001
11.9
11.950000000000001
12.000000000000002