12.155123740611772
12.20559413857136
12.267346700731533
12.338095008003004
12.416038900663134
12.49974914611024
12.588082372398183
12.68011758859369
12.775108302431534
12.872446042968807
12.971632315364616
13.072256854018551
13.173980625288454
13.276522443810274
13.37964836105421
13.483163197244581
13.586903742558873
13.690733267326953
13.79453706535887
13.898218817649807
14.001697611280532
14.104905484445393
14.207785396147878
14.310289540348885
14.412377940803195
14.514017275634624
14.615179890738247
14.715842969004617
14.815987828620019
14.915599328675741
15.014665364299816
15.113176436719543
15.211125286240039
15.308506578209892
15.405316633740842
15.501553198332003
15.597215242682154
15.692302790904712
15.78681677212795
15.880758892097848
15.974131521928351
16.06693760158211
16.159180556031227
16.25086422235385
16.341992786279754
16.432570726914577
16.52260276855495
16.612093838661202
16.70104903118531
16.789473574562866
16.877372803772747
16.964752135948697
17.05161704909649
17.137973063529095
17.223825725683668
17.309180594027136
17.394043226795635
17.47841917134482
17.56231395491671
17.645733076652576
17.728682000703042
17.811166150304224
17.893190902705385
17.97476158484688
18.055883469699634
18.136561773187854
18.21680165162605
18.29660819960926
18.37598644830296
18.454941364084945
18.533477847497092
18.61160073247007
18.689314785787605
18.766624706761522
18.843535127091343
18.920050610885625
18.99617565482469
19.071914688446476
19.14727207453964
19.222252109629537
19.296859024544446
19.371096985050745
19.44497009254708
19.51848238480867
19.591637836773845
19.664440361365767
19.736893810343258
19.809001975175057
19.88076858793287
19.952197322198653
20.023291793982462
20.09405556264745
20.164492131839037
20.234604950415665
20.304397413378755
20.373872862799974
20.443034588743934
20.511885830184756
20.580429775915313
20.648669565447882
20.716608289905224
20.78424899290111
20.851594671409952
20.918648276624335
20.98541271480056
21.05189084809133
21.118085495365428
21.18399943301399
21.249635395743454
21.31499607735461
21.38008413150814
21.444902172476077
21.50945277587958
21.573738479412896
21.637761783553444
21.701525152258387
21.76503101364747
21.828281760672414
21.891279751772984
21.954027311519972
22.016526731245044
22.078780269657784
22.14079015345011
22.202558577888244
22.264087707392417
22.325379676104458
22.386436588443654
22.447260519650946
22.50785351632167
22.56821759692707
22.628354752324984
22.688266946259606
22.74795611585078
22.807424172072924
22.866673000223862
22.92570446038377
22.984520387864332
23.04312259364853
23.10151286482105
23.15969296498967
23.217664634697737
23.275429591827933
23.332989531997654
23.390346128945957
23.447501034912474
23.504455881008337
23.561212277579454
23.617771814562087
23.674136061831103
23.730306569540964
23.786284868459663
23.842072470295765
23.897670868018636
23.953081536172224
24.008305931182207
24.06334549165703
24.11820163868268
24.17287577611151
24.227369290845203
24.281683553111975
24.335819916738192
24.3897797194145
24.443564282956697
24.49717491356129
24.55061290205599
24.603879524145164
24.6569760406506
24.709903697747265
24.762663727194678
24.815257346563453
24.867685759457665
24.91995015573273
24.972051711709113
25.023991590381826
25.075770941625983
25.127390902398247
25.178852596934615
25.23015713694416
25.281305621799373
25.332299138722615
25.38313876296923
25.433825558007086
25.48436057569287
25.534744856444885
25.58497942941284
25.63506531264426
25.685003513248027
25.734795027554753
25.784440841274172
25.833941929649814
25.883299257610698
25.93251377992026
25.981586441322687
26.030518176686503
26.079309911145618
26.127962560237783
26.176477030040626
26.22485421730524
26.273095009587372
26.32120028537634
26.369170914221545