737.6996170270633
608.3219038317633
510.15679675771895
433.9466322874529
373.62392346403766
325.078372002086
285.44587433808124
252.68147626173973
225.2937278061831
202.17432548428613
182.48590099412135
165.58633958969756
150.97664763181476
138.2643553998801
127.13738305020149
117.34508687713006
108.6843176250976
100.98903212207539
94.12246017602251
87.97113322840131
82.44028597000403
77.45028184697603
72.93381010996026
68.83366990376878
65.10100506709824
61.69388790786231
58.57617533189027
55.71657911381675
53.08790572427504
50.66643130038127
48.43138500516456
46.36451983289513
44.449754359668425
42.67287235853846
41.02126984892944
39.48374121717938
38.05029766702638
36.712012538816445
35.46088905186282
34.28974683450927
33.19212425588416
32.16219409642966
31.19469051757399
30.284845634918224
29.428334280076033
28.621225766372383
27.85994166287255
27.14121873748783
26.46207635940813
25.8197877587967
25.211854631528706
24.6359846519551
24.090071519810998
23.572177220558565
23.08051622335813
22.613441378892073
22.16943131156198
21.747079128077473
21.345082287927156
20.962233501307157
20.5974125373095
20.249578839984615
19.917764862651968
19.60107004185406
19.2986553418836
19.009738309083176
18.733588582299998
18.469523812133055
18.216905947063687
17.975137849327606
17.7436602075569
17.521948716880043
17.309511500379653
17.105886748635672
16.910640556571487
16.723364939020172
16.543676008370348
16.371212299372186
16.205633227708834
16.046617670293067
15.893862656452193
15.747082160236495
15.606005985041383
15.470378732586555
15.339958849057279
15.21451774189476
15.09383896133405
14.977717441334935
14.865958795044774
14.758378660373069
14.65480209165714
14.555062993756016
14.459003595234014
14.366473957586964
14.277331517728728
14.191440661194147
14.108672323731087
14.028903619150446
13.952017491480838
13.877902389636333
13.806451962952517
13.737564776080108
13.67114404184639
13.607097370806581
13.545336536307763
13.485777253980507
13.428338974658184
13.372944689800494
13.319520748568833
13.267996685765668
13.218305059909337
13.170381300770169
13.124163565743615
13.079592604482047
13.036611631248961
12.995166204498059
12.955204113215462
12.916675269596034
12.879531607655244
12.8437269874058
12.809217104254104
12.77595940329538
12.743912998208504
12.7130385944715
12.683298416637891
12.654656139431324
12.62707682243205
12.600526848143712
12.574973863242954
12.550386722827092
12.526735437486925
12.50399112304322
12.482125952795199
12.461113112139476
12.44092675542634
12.421541964928977
12.402934711808584
12.385081818965842
12.367960925675769
12.351550453909189
12.335829576250035
12.32077818532308
12.306376864651753
12.292606860870466
12.279450057220442
12.266888948261991
12.254906615740198
12.243486705544672
12.232613405707266
12.22227142538501
12.212445974778383
12.203122745937986
12.194287894415199
12.185928021714853
12.178030158510438
12.170581748584352
12.163570633457862
12.156985037677277
12.15081355472479
12.145045133523933
12.1396690655114
12.134674972248328
12.130052793545707
12.125792776079711
12.121885462474225
12.1183216808289
12.115092534672174
12.112189393319813
12.109603882620528
12.107327876071023
12.105353486283981
12.10367305679298
12.102279154179499
12.101164560507566
12.10032226605259
12.099745462311413
12.099427535281327
12.09936205899636
12.099542789309705
12.099963657911749
12.100618766573614
12.101502381606574
12.102608928528285
12.103932986927074
12.10546928551594
12.107212697368487
12.1091582353291
12.1113010475903
12.11363641343025
12.116159739104047
12.118866553882413
12.121752506231884
12.124813360130736
12.128044991515273
12.131443384851233
12.135004629825362
12.138724918152388
12.142600540492836
12.146627883477437
12.15080342683384
12.155123740611772
12.159585482502779
12.16418539525091
12.168920304150962
12.173787114630752
12.178782809914459
12.183904448763814
12.189149163294267
12.194514156863319
12.19999670202836
12.20559413857136
12.211303871588045
12.217123369639094
12.223050162961147
12.22908184173541
12.235216054411778
12.241450506086514
12.24778295693144
12.254211220672916
12.260733163118779
12.267346700731533
12.274049799246168
12.280840472330995
12.28771678029009
12.294676828805752
12.301718767719697
12.30884078985159
12.316041129853646
12.323318063100027
12.330669904609913
12.338095008003004
12.345591764486446
12.353158601872064
12.360793983622843
12.368496407927797
12.376264406804156
12.384096545226006
12.39199142027853
12.39994766033696
12.407963924269463
12.416038900663134
12.424171307072386
12.432359889289009
12.440603420633117
12.448900701264412
12.457250557513062
12.46565184122955
12.474103429152928
12.48260422229684
12.491153145352822
12.49974914611024
12.508391194892429
12.517078284008468
12.525809427220164
12.53458365922366
12.543400035145359
12.552257630051598
12.561155538471724
12.570092873934106
12.57906876851478
12.588082372398183
12.597132853449784
12.60621939680015
12.615341204440101
12.624497494826683
12.633687502499576
12.642910477707632
12.652165686045295
12.661452408098539
12.67076993910011
12.680117588593696
12.689494680106925
12.698900550832775
12.70833455131924
12.717796045166951
12.727284408734633
12.736799030852016
12.746339312540131
12.755904666738662
12.765494518040262
12.775108302431534
12.784745467040537
12.794405469890687
12.804087779660717
12.813791875450699
12.823517246553878
12.833263392234086
12.843029821508779
12.852816052937294
12.862621614414396
12.872446042968807
12.882288884566721
12.892149693920036
12.902028034299285
12.911923477351058
12.921835602919819
12.931763998874073
12.941708260936597
12.951667992518804
12.96164280455902
12.971632315364616
12.981636150457847
12.991653942425373
13.001685330771316
13.011729961773703
13.021787488344371
13.031857569892042
13.041939872188676
13.052034067238822
13.062139833152102
13.072256854018553
13.08238481978684
13.092523426145346
13.102672374405865
13.112831371390039
13.123000129318324
13.13317836570151
13.14336580323468
13.153562169693506
13.163767197833014
13.17398062528846
13.184202194478543
13.194431652510708
13.20466875108859
13.21491324642151
13.225164899135923
13.235423474188917
13.245688740783498
13.255960472285869
13.26623844614436
13.276522443810274
13.286812250660386
13.297107655921103
13.307408452594332
13.317714437384907
13.32802541062956
13.33834117622748
13.348661541572316
13.358986317485623
13.369315318151774
13.37964836105421
13.389985266913067
13.400325859624115
13.410669966198993
13.421017416706693
13.431368044216258
13.441721684740735
13.45207817718223
13.462437363278148
13.472799087548548
13.483163197244581
13.493529542297996
13.50389797527168
13.51426835131125
13.524640528097583
13.535014365800372
13.545389727032596
13.555766476805946
13.566144482487113
13.57652361375502
13.586903742558873
13.597284743077077
13.607666491677007
13.618048866875501
13.628431749300264
13.638815021651942
13.649198568667014
13.659582277081395
13.669966035594761
13.680349734835607
13.690733267326953
13.701116527452779
13.711499411425061
13.721881817251498
13.732263644703865
13.742644795286973
13.753025172208217
13.763404680347763
13.7737832262293
13.784160717991284
13.79453706535887
13.804912179616277
13.815285973579728
13.825658361570893
13.836029259390902
13.846398584294716
13.856766254966152
13.867132191493265
13.87749631534425
13.887858549343775
13.898218817649807
13.908577045730787
13.918933160343357
13.92928708951036
13.939638762499417
13.949988109801723
13.960335063111419
13.970679555305212
13.981021520422441
13.991360893645483
14.001697611280532
14.01203161073877
14.022362830517801
14.032691210183502
14.043016690352177
14.053339212673038
14.063658719811006
14.07397515542983
14.084288464175511
14.094598591660038
14.104905484445393
14.115209090027859
14.12550935682262
14.135806234148653
14.14609967221381
14.156389622100301
14.166676035750314
14.176958865951955
14.187238066325419
14.197513591309422
14.207785396147885
14.218053436876785
14.228317670311325
14.238578054033292
14.248834546378633
14.259087106425243
14.26933569398101
14.279580269572024
14.289820794430998
14.30005723048592
14.310289540348885
14.320517687305117
14.330741635302164
14.340961348939338
14.351176793457286
14.361387934727759
14.371594739243525
14.381797174108552
14.391995207028216
14.40218880629984
14.412377940803195
14.422562579991407
14.432742693881785
14.442918253046978
14.453089228606153
14.463255592216434
14.473417316064433
14.483574372857875
14.49372673581747
14.503874378668842
14.514017275634624
14.524155401426684
14.534288731238474
14.544417240737497
14.554540906057952
14.564659703793396
14.5747736109897
14.584882605137887
14.594986664167331
14.60508576643889
14.615179890738242
14.625269016269307
14.635353122647775
14.645432189894745
14.655506198430462
14.665575129068163
14.675638963008021
14.685697681831204
14.695751267493986
14.70579970232202
14.715842969004617
14.72588105058923
14.735913930475908
14.745941592411949
14.755964020486543
14.765981199125571
14.775993113086457
14.785999747453115
14.796001087630948
14.80599711934198
14.815987828620019
14.825973201805901
14.835953225542863
14.845927886771891
14.855897172727259
14.865861070932045
14.875819569193748
14.885772655600011
14.895720318514343
14.905662546571975
14.915599328675741
14.925530653992027
14.935456511946791
14.94537689222167
14.955291784750095
14.965201179713482
14.975105067537548
14.98500343888859
14.994896284669888
15.004783596018106
15.014665364299816
15.024541581108025
15.034412238258787
15.044277327787835
15.054136841947294
15.06399077320245
15.07383911422851
15.083681857907518
15.093518997325162
15.103350525767832
15.113176436719543
15.122996723858982
15.132811381056626
15.142620402371838
15.152423782050052
15.162221514520015
15.172013594391
15.181800016450135
15.191580775659759
15.201355867154762
15.211125286240042
15.220889028387951
15.230647089235791
15.24039946458336
15.250146150390524
15.259887142774794
15.269622438009035
15.279352032519101
15.28907592288154
15.298794105821376
15.308506578209892
15.318213337062414
15.327914379536182
15.337609702928237
15.347299304673319
15.3569831823418
15.366661333637676
15.376333756396585
15.386000448583781
15.395661408292266
15.405316633740842
15.414966123272222
15.424609875351198
15.4342478885628
15.443880161610517
15.453506693314484
15.463127482609774
15.472742528544648
15.482351830278885
15.491955387082076
15.501553198332003
15.511145263513011
15.520731582214392
15.530312154128826
15.539886979050813
15.549456056875155
15.559019387595418
15.568576971302493
15.57812880818309
15.58767489851829
15.597215242682154
15.60674984114029
15.616278694448486
15.62580180325133
15.635319168280862
15.644830790355313
15.654336670377688
15.663836809334576
15.673331208294815
15.682819868408309
15.692302790904714
15.701779977092295
15.711251428356679
15.7207171461597
15.730177132038216
15.739631387602996
15.749079914537536
15.758522714596994
15.767959789607053
15.777391141462855
15.78681677212795
15.79623668363319
15.805650878075737
15.815059357618022
15.824462124486748
15.833859180971857
15.843250529425603
15.852636172261537
15.862016111953583
15.871390351035076
15.880758892097848
15.890121737791317
15.899478890821559
15.908830353950455
15.91817612999479
15.9275162218254
15.936850632366305
15.946179364593876
15.95550242153602
15.964819806271343
15.974131521928351
15.983437571684656
15.992737958766183
16.002032686446416
16.011321758045632
16.02060517693012
16.029882946511478
16.039155070245865
16.04842155163328
16.05768239421684
16.06693760158211
16.076187177356378
16.085431125207986
16.09466944884568
16.1039021520179
16.113129238512165
16.12235071215441
16.131566576808357
16.14077683637488
16.14998149479139
16.159180556031227
16.16837402410306
16.17756190305027
16.18674419695041
16.195920909914584
16.2050920460869
16.214257609643884
16.22341760479398
16.232572035776926
16.241720906863282
16.250864222353847
16.260001986579194
16.26913420389909
16.27826087870201
16.287382015404656
16.29649761845143
16.305607692313945
16.314712241490565
16.323811270505914
16.332904783910394
16.341992786279754
16.351075282214588
16.360152276339925
16.36922377330478
16.378289777781657
16.387350294466184
16.396405328076693
16.405454883353723
16.414498965059654
16.423537577978333
16.432570726914577
16.44159841669385
16.450620652161845
16.45963743818409
16.468648779645562
16.477654681450346
16.4866551485212
16.495650185799217
16.50463979824351
16.51362399083077
16.52260276855495
16.531576136426946
16.540544099474214
16.549506662740438
16.55846383128521
16.567415610183676
16.576362004526235
16.585303019418234
16.594238659979577
16.603168931344502
16.612093838661202
16.621013387091583
16.629927581810907
16.63883642800754
16.647739930882622
16.65663809564981
16.665530927534984
16.67441843177598
16.683300613622254
16.6921774783347
16.70104903118531
16.709915277456947
16.71877622244307
16.72763187144745
16.736482229783974
16.74532730277635
16.754167095757868
16.763001614071143
16.77183086306791
16.780654848108743
16.789473574562866
16.798287047807875
16.807095273229532
16.81589825622155
16.824696002185355
16.833488516529844
16.842275804671235
16.851057872032793
16.85983472404465
16.868606366143556
16.877372803772747
16.88613404238168
16.89489008742584
16.9036409443666
16.912386618670947
16.921127115811334
16.9298624412655
16.93859260051626
16.947317599051324
16.95603744236315
16.964752135948697
16.973461685309328
16.98216609595056
16.990865373381965
16.999559523116954
17.00824855067261
17.016932461569542
17.025611261331733
17.034284955486335
17.04295354956356
17.05161704909649
17.06027545962094
17.06892878667531
17.077577035800427
17.0862202125394
17.094858322437446
17.103491371041823
17.11211936390161
17.120742306567596
17.129360204592164
17.137973063529095
17.146580888933542
17.155183686361756
17.16378146137109
17.17237421951978
17.180961966366848
17.189544707472006
17.19812244839547
17.206695194697897
17.215262951940257
17.223825725683668
17.23238352148934
17.240936344918413
17.24948420153188
17.258027096890455
17.26656503655446
17.275098026083743
17.28362607103753
17.292149176974362
17.30066734945196
17.309180594027136
17.317688916255694
17.32619232169233
17.33469081589051
17.34318440440242
17.35167309277884
17.360156886569026
17.368635791320685
17.37710981257983
17.385578955890676
17.39404322679563
17.402502630835116
17.41095717354756
17.419406860469223
17.427851697134198
17.436291689074302
17.444726841818966
17.453157160895188
17.46158265182743
17.47000332013758
17.47841917134482
17.48683021096559
17.4952364445135
17.503637877499262
17.512034515430607
17.520426363812227
17.5288134281457
17.537195713929407
17.5455732266585
17.55394597182479
17.56231395491671
17.570677181419242
17.579035656813854
17.587389386578437
17.595738376187235
17.6040826311108
17.612422156815914
17.620756958765536
17.629087042418764
17.637412413230724
17.645733076652576