11.476982148357115
11.59589726955331
11.714091158099208
11.83155310200188
11.948274885665214
12.064250466784067
12.179475695769543
12.293948071627103
12.407666529160569
12.520631253163742
12.63284351591798
12.74430553486211
12.855020347760377
12.964991703080031
13.074223963615466
13.182722021670813
13.29049122434609
13.397537307669989
13.503866338491427
13.60948466318602
13.714398862357307
13.818615710818406
13.922142142231094
14.024985217857717
14.127152098949413
14.228650022352685
14.329486278967437
14.429668194733752
14.529203113863256
14.62809838406444
14.726361343540674
14.823999309565218
14.921019568460093
15.017429366825276
15.113235903882074
15.208446324809731
15.303067714967728
15.397107094908119
15.49057141609266
15.583467557238752
15.67580232122642
15.76758243250578
15.858814534950927
15.949505190111857
16.03966087582117
16.129287985116775
16.218392825445918
16.30698161811943
16.395060497988243
16.482635513317256
16.569712625833958
16.656297710931792
16.74239655801005
16.828014870934123
16.913158268601418
16.99783228559994
17.082042372947637
17.16579389890201
17.24909214983042
17.33194233113258
17.414349568207584
17.49631890745852
17.577855317328567
17.658963689362967
17.739648839291984
17.81991550813033
17.899768363289102
17.979211999696698
18.05825094092552
18.1368896403216
18.215132482134653
18.292983782646328
18.37044779129465
18.447528691792883
18.524230603241232
18.60055758123014
18.676513618933782
18.752102648192896
18.827328540585913
18.90219510848765
18.97670610611491
19.050865230558323
19.12467612280009
19.198142368717043
19.271267500068877
19.344054995471147
19.41650828135289
19.48863073289873
19.560425674975306
19.631896383042033
19.703046084046132
19.7738779573019
19.844395135354386
19.914600704827382
19.984497707255983
20.054089139903667
20.123377956564163
20.192367068348176
20.261059344455195
20.32945761293044
20.39756466140731
20.46538323783535
20.532916051194075
20.60016577219278
20.667135033956573
20.733826432698866
20.80024252838051
20.866385845355854
20.93225887300591
20.997864066358822
21.063203846697988
21.12828060215791
21.193096688308124
21.25765442872537
21.321956115554222
21.386004010056524
21.449800343149583
21.513347315933707
21.576647100209005
21.639701838981736
21.7025136469606
21.76508461104291
21.827416790791023
21.889512218899227
21.951372901651165
22.0130008193682
22.074397926848686
22.135566153798482
22.196507405252895
22.257223561990145
22.317716480936628
22.377987995564098
22.43803991627894
22.497874030803786
22.5574921045515
22.61689588099184
22.67608708201085
22.73506740826319
22.793838539517573
22.852402134995394
22.91075983370279
22.96891325475617
23.026863997701465
23.08461364282712
23.142163751471095
23.19951586632191
23.25667151171382
23.313632193916458
23.370399401418783
23.426974605207715
23.48335925904136
23.539554799717116
23.59556264733464
23.651384205553878
23.70702086184821
23.762473987752816
23.817744939108422
23.872835056300463
23.927745664493777
23.982478073862946
24.037033579818367
24.091413463228136
24.14561899063583
24.199651414474314
24.253511973275597
24.307201891876844
24.3607223816227
24.414074640563847
24.46725985365202
24.520279192931493
24.573133817727104
24.62582487482889
24.678353498673456
24.730720811522094
24.782927923635686
24.83497593344656
24.88686592772731
24.938598981756563
24.99017615948193
25.041598513680025
25.092867086113735
25.143982907686716
25.19494699859522
25.245760368477313
25.29642401655948
25.34693893180073
25.39730609303421
25.447526469106425
25.497601019014066
25.547530692038492
25.59731642787799
25.646959156777722
25.69645979965757
25.745819268237735
25.79503846516233
25.844118284120857
25.893059609967636
25.94186331883935