1.05
1.055
1.06
1.065
1.07
1.075
1.08
1.085
1.09
1.095
1.1
1.105
1.11
1.115
1.12
1.125
1.1300000000000001
1.135
1.1400000000000001
1.145
1.1500000000000001
1.155
1.1600000000000001
1.165
1.17
1.175
1.1800000000000002
1.185
1.19
1.195
1.2
1.205
1.21
1.215
1.22
1.225
1.23
1.235
1.24
1.245
1.25
1.2550000000000001
1.26
1.2650000000000001
1.27
1.2750000000000001
1.28
1.2850000000000001
1.29
1.295
1.3
1.3050000000000002
1.31
1.315
1.32
1.3250000000000002
1.33
1.335
1.34
1.345
1.35
1.355
1.36
1.365
1.37
1.375
1.3800000000000001
1.385
1.3900000000000001
1.395
1.4000000000000001
1.405
1.4100000000000001
1.415
1.42
1.425
1.4300000000000002
1.435
1.44
1.445
1.4500000000000002
1.455
1.46
1.465
1.47
1.475
1.48
1.485
1.49
1.495
1.5
1.5050000000000001
1.51
1.5150000000000001
1.52
1.5250000000000001
1.53
1.5350000000000001
1.54
1.545
1.55
1.5550000000000002
1.56
1.565
1.57
1.5750000000000002
1.58
1.585
1.59
1.5950000000000002
1.6
1.605
1.61
1.6150000000000002
1.62
1.625
1.63
1.635
1.6400000000000001
1.645
1.65
1.655
1.6600000000000001
1.665
1.67
1.675
1.6800000000000002
1.685
1.69
1.695
1.7000000000000002
1.705
1.71
1.715
1.7200000000000002
1.725
1.73
1.735
1.7400000000000002
1.745
1.75
1.755
1.76
1.7650000000000001
1.77
1.775
1.78
1.7850000000000001
1.79
1.795
1.8
1.8050000000000002
1.81
1.815
1.82
1.8250000000000002
1.83
1.835
1.84
1.8450000000000002
1.85
1.855
1.86
1.8650000000000002
1.87
1.875
1.8800000000000001
1.885
1.8900000000000001
1.895
1.9
1.905
1.9100000000000001
1.915
1.92
1.925
1.9300000000000002
1.935
1.94
1.945
1.9500000000000002
1.955
1.96
1.965
1.9700000000000002
1.975
1.98
1.985
1.9900000000000002
1.995
2.
2.005
2.01
2.015
2.02
2.025
2.0300000000000002
2.035
2.04
2.045
2.05
2.055
2.06
2.0650000000000004
2.0700000000000003
2.075
2.08
2.085
2.09
2.0949999999999998
2.1
2.105
2.1100000000000003
2.115
2.12
2.125
2.13
2.135
2.14
2.145
2.1500000000000004
2.1550000000000002
2.16
2.165
2.17
2.175
2.18
2.185
2.1900000000000004
2.1950000000000003
2.2
2.205
2.21
2.215
2.2199999999999998
2.225
2.23
2.2350000000000003
2.24
2.245
2.25
2.255
2.26
2.265
2.27
2.2750000000000004
2.2800000000000002
2.285
2.29
2.295
2.3
2.305
2.31
2.3150000000000004
2.3200000000000003
2.325
2.33
2.335
2.34
2.3449999999999998
2.35
2.355
2.3600000000000003
2.365
2.37
2.375
2.38
2.385
2.39
2.395
2.4000000000000004
2.4050000000000002
2.41
2.415
2.42
2.425
2.43
2.435
2.4400000000000004
2.4450000000000003
2.45
2.455
2.46
2.465
2.4699999999999998
2.475
2.48
2.4850000000000003
2.49
2.495
2.5
2.505
2.51
2.515
2.52
2.5250000000000004
2.5300000000000002
2.535
2.54
2.545
2.55
2.555
2.56
2.5650000000000004
2.5700000000000003
2.575
2.58
2.585
2.59
2.5949999999999998
2.6
2.605
2.6100000000000003
2.615
2.62
2.625
2.63
2.635
2.64
2.645
2.6500000000000004
2.6550000000000002
2.66
2.665
2.67
2.675
2.68
2.685
2.6900000000000004
2.6950000000000003
2.7
2.705
2.71
2.715
2.7199999999999998
2.725
2.73
2.7350000000000003
2.74
2.745
2.75
2.755
2.76
2.765
2.77
2.7750000000000004
2.7800000000000002
2.785
2.79
2.795
2.8
2.805
2.81
2.8150000000000004
2.8200000000000003
2.825
2.83
2.835
2.84
2.8449999999999998
2.85
2.855
2.8600000000000003
2.865
2.87
2.875
2.88
2.885
2.89
2.895
2.9000000000000004
2.9050000000000002
2.91
2.915
2.92
2.925
2.93
2.935
2.9400000000000004
2.9450000000000003
2.95
2.955
2.96
2.965
2.9699999999999998
2.975
2.98
2.9850000000000003
2.99
2.995
3.
3.005
3.01
3.015
3.02
3.0250000000000004
3.0300000000000002
3.035
3.04
3.045
3.05
3.0549999999999997
3.0600000000000005
3.0650000000000004
3.0700000000000003
3.075
3.08
3.085
3.09
3.0949999999999998
3.0999999999999996
3.1050000000000004
3.1100000000000003
3.115
3.12
3.125
3.13
3.135
3.1399999999999997
3.1450000000000005
3.1500000000000004
3.1550000000000002
3.16
3.165
3.17
3.175
3.1799999999999997
3.1850000000000005
3.1900000000000004
3.1950000000000003
3.2
3.205
3.21
3.215
3.2199999999999998
3.2250000000000005
3.2300000000000004
3.2350000000000003
3.24
3.245
3.25
3.255
3.26
3.2649999999999997
3.2700000000000005
3.2750000000000004
3.2800000000000002
3.285
3.29
3.295
3.3
3.3049999999999997
3.3100000000000005
3.3150000000000004
3.3200000000000003
3.325
3.33
3.335
3.34
3.3449999999999998
3.3500000000000005
3.3550000000000004
3.3600000000000003
3.365
3.37
3.375
3.38
3.385
3.3899999999999997
3.3950000000000005
3.4000000000000004
3.4050000000000002
3.41
3.415
3.42
3.425
3.4299999999999997
3.4350000000000005
3.4400000000000004
3.4450000000000003
3.45
3.455
3.46
3.465
3.4699999999999998
3.4750000000000005
3.4800000000000004
3.4850000000000003
3.49
3.495
3.5
3.505
3.51
3.5149999999999997
3.5200000000000005
3.5250000000000004
3.5300000000000002
3.535
3.54
3.545
3.55
3.5549999999999997
3.5600000000000005
3.5650000000000004
3.5700000000000003
3.575
3.58
3.585
3.59
3.5949999999999998
3.6000000000000005
3.6050000000000004
3.6100000000000003
3.615
3.62
3.625
3.63
3.635
3.6399999999999997
3.6450000000000005
3.6500000000000004
3.6550000000000002
3.66
3.665
3.67
3.675
3.6799999999999997
3.6850000000000005
3.6900000000000004
3.6950000000000003
3.7
3.705
3.71
3.715
3.7199999999999998
3.7250000000000005
3.7300000000000004
3.7350000000000003
3.74
3.745
3.75
3.755
3.76
3.7649999999999997
3.7700000000000005
3.7750000000000004
3.7800000000000002
3.785
3.79
3.795
3.8
3.8049999999999997
3.8100000000000005
3.8150000000000004
3.8200000000000003
3.825
3.83
3.835
3.84
3.8449999999999998
3.8500000000000005
3.8550000000000004
3.8600000000000003
3.865
3.87
3.875
3.88
3.885
3.8899999999999997
3.8950000000000005
3.9000000000000004
3.9050000000000002
3.91
3.915
3.92
3.925
3.9299999999999997
3.9350000000000005
3.9400000000000004
3.9450000000000003
3.95
3.955
3.96
3.965
3.9699999999999998
3.9750000000000005
3.9800000000000004
3.9850000000000003
3.99
3.995
4.
4.005
4.01
4.015
4.0200000000000005
4.025
4.03
4.035
4.04
4.045
4.05
4.055
4.0600000000000005
4.065
4.07
4.075
4.08
4.085
4.09
4.095
4.1000000000000005
4.105
4.11
4.115
4.12
4.125
4.13
4.135
4.14
4.1450000000000005
4.15
4.155
4.16
4.165
4.17
4.175
4.18
4.1850000000000005
4.19
4.195
4.2
4.205
4.21
4.215
4.22
4.2250000000000005
4.23
4.235
4.24
4.245
4.25
4.255
4.26
4.265
4.2700000000000005
4.275
4.28
4.285
4.29
4.295
4.3
4.305
4.3100000000000005
4.315
4.32
4.325
4.33
4.335
4.34
4.345
4.3500000000000005
4.355
4.36
4.365
4.37
4.375
4.38
4.385
4.39
4.3950000000000005
4.4
4.405
4.41
4.415
4.42
4.425
4.43
4.4350000000000005
4.44
4.445
4.45
4.455
4.46
4.465
4.47
4.4750000000000005
4.48
4.485
4.49
4.495
4.5
4.505
4.51
4.515
4.5200000000000005
4.525
4.53
4.535
4.54
4.545
4.55
4.555
4.5600000000000005
4.565
4.57
4.575
4.58
4.585
4.59
4.595
4.6000000000000005
4.605
4.61
4.615
4.62
4.625
4.63
4.635
4.64
4.6450000000000005
4.65
4.655
4.66
4.665
4.67
4.675
4.68
4.6850000000000005
4.69
4.695
4.7
4.705
4.71
4.715
4.72
4.7250000000000005
4.73
4.735
4.74
4.745
4.75
4.755
4.76
4.765
4.7700000000000005
4.775
4.78
4.785
4.79
4.795
4.8
4.805
4.8100000000000005
4.815
4.82
4.825
4.83
4.835
4.84
4.845
4.8500000000000005
4.855
4.86
4.865
4.87
4.875
4.88
4.885
4.89
4.8950000000000005
4.9
4.905
4.91
4.915
4.92
4.925
4.93
4.9350000000000005
4.94
4.945
4.95
4.955
4.96
4.965
4.97
4.9750000000000005
4.98
4.985
4.99
4.995
5.
5.005
5.01
5.015000000000001
5.0200000000000005
5.025
5.03
5.035
5.04
5.045
5.05
5.055
5.06
5.0649999999999995
5.07
5.075
5.08
5.085
5.09
5.095
5.1
5.1049999999999995
5.11
5.115
5.12
5.125
5.13
5.135
5.14
5.145
5.1499999999999995
5.155
5.16
5.165
5.17
5.175
5.18
5.185
5.1899999999999995
5.195
5.2
5.205
5.21
5.215
5.22
5.225
5.2299999999999995
5.235
5.24
5.245
5.25
5.255
5.26
5.265
5.27
5.2749999999999995
5.28
5.285
5.29
5.295
5.3
5.305
5.31
5.3149999999999995
5.32
5.325
5.33
5.335
5.34
5.345
5.35
5.3549999999999995
5.36
5.365
5.37
5.375
5.38
5.385
5.39
5.395
5.4
5.405
5.41
5.415
5.42
5.425
5.43
5.435
5.4399999999999995
5.445
5.45
5.455
5.46
5.465
5.47
5.475
5.4799999999999995
5.485
5.49
5.495
5.5
5.505
5.51
5.515
5.52
5.525
5.53
5.535
5.54
5.545
5.55
5.555
5.56
5.5649999999999995
5.57
5.575
5.58
5.585
5.59
5.595
5.6
5.6049999999999995
5.61
5.615
5.62
5.625
5.63
5.635
5.64
5.645
5.65
5.655
5.66
5.665
5.67
5.675
5.68
5.685
5.6899999999999995
5.695
5.7
5.705
5.71
5.715
5.72
5.725
5.7299999999999995
5.735
5.74
5.745
5.75
5.755
5.76
5.765
5.77
5.775
5.78
5.785
5.79
5.795
5.8
5.805
5.81
5.8149999999999995
5.82
5.825
5.83
5.835
5.84
5.845
5.85
5.8549999999999995
5.86
5.865
5.87
5.875
5.88
5.885
5.89
5.895
5.9
5.905
5.91
5.915
5.92
5.925
5.93
5.935
5.9399999999999995
5.945
5.95
5.955
5.96
5.965
5.97
5.975
5.9799999999999995
5.985
5.99
5.995
6.
6.005
6.01
6.015
6.02
6.025
6.03
6.035
6.04
6.045
6.05
6.055
6.06
6.0649999999999995
6.07
6.075
6.08
6.085
6.09
6.095
6.1
6.1049999999999995
6.11
6.115
6.12
6.125
6.13
6.135
6.14
6.145
6.15
6.155
6.16
6.165
6.17
6.175
6.18
6.185
6.1899999999999995
6.195
6.2
6.205
6.21
6.215
6.22
6.225
6.2299999999999995
6.235
6.24
6.245
6.25
6.255
6.26
6.265
6.27
6.275
6.28
6.285
6.29
6.295
6.3
6.305
6.31
6.3149999999999995
6.32
6.325
6.33
6.335
6.34
6.345
6.35
6.3549999999999995
6.36
6.365
6.37
6.375
6.38
6.385
6.39
6.395
6.4
6.405
6.41
6.415
6.42
6.425
6.43
6.435
6.4399999999999995
6.445
6.45
6.455
6.46
6.465
6.47
6.475
6.4799999999999995
6.485
6.49
6.495
6.5
6.505
6.51
6.515
6.52
6.525
6.53
6.535
6.54
6.545
6.55
6.555
6.56
6.5649999999999995
6.57
6.575
6.58
6.585
6.59
6.595
6.6
6.6049999999999995
6.61
6.615
6.62
6.625
6.63
6.635
6.64
6.645
6.65
6.655
6.66
6.665
6.67
6.675
6.68
6.685
6.6899999999999995
6.695
6.7
6.705
6.71
6.715
6.72
6.725
6.7299999999999995
6.735
6.74
6.745
6.75
6.755
6.76
6.765
6.77
6.775
6.78
6.785
6.79
6.795
6.8
6.805
6.81
6.8149999999999995
6.82
6.825
6.83
6.835
6.84
6.845
6.85
6.8549999999999995
6.86
6.865
6.87
6.875
6.88
6.885
6.89
6.895
6.9
6.905
6.91
6.915
6.92
6.925
6.93
6.935
6.9399999999999995
6.945
6.95
6.955
6.96
6.965
6.97
6.975
6.9799999999999995
6.985
6.99
6.995
7.
7.005
7.01
7.015
7.02
7.025
7.03
7.035
7.04
7.045
7.05
7.055
7.06
7.065
7.07
7.075
7.08
7.085
7.09
7.095
7.1
7.1049999999999995
7.11
7.115
7.12
7.125
7.13
7.135
7.14
7.145
7.15
7.155
7.16
7.165
7.17
7.175
7.18
7.185
7.19
7.195
7.2
7.205
7.21
7.215
7.22
7.225
7.2299999999999995
7.235
7.24
7.245
7.25
7.255
7.26
7.265
7.27
7.275
7.28
7.285
7.29
7.295
7.3
7.305
7.31
7.315
7.32
7.325
7.33
7.335
7.34
7.345
7.35
7.3549999999999995
7.36
7.365
7.37
7.375
7.38
7.385
7.39
7.395
7.4
7.405
7.41
7.415
7.42
7.425
7.43
7.435
7.44
7.445
7.45
7.455
7.46
7.465
7.47
7.475
7.4799999999999995
7.485
7.49
7.495
7.5
7.505
7.51
7.515
7.52
7.525
7.53
7.535
7.54
7.545
7.55
7.555
7.56
7.565
7.57
7.575
7.58
7.585
7.59
7.595
7.6
7.6049999999999995
7.61
7.615
7.62
7.625
7.63
7.635
7.64
7.645
7.65
7.655
7.66
7.665
7.67
7.675
7.68
7.685
7.69
7.695
7.7
7.705
7.71
7.715
7.72
7.725
7.7299999999999995
7.735
7.74
7.745
7.75
7.755
7.76
7.765
7.77
7.775
7.78
7.785
7.79
7.795
7.8
7.805
7.81
7.815
7.82
7.825
7.83
7.835
7.84
7.845
7.85
7.8549999999999995
7.86
7.865
7.87
7.875
7.88
7.885
7.89
7.895
7.9
7.905
7.91
7.915
7.92
7.925
7.93
7.935
7.94
7.945
7.95
7.955
7.96
7.965
7.97
7.975
7.9799999999999995
7.985
7.99
7.995
8.
8.005
8.01
8.015
8.02
8.025
8.030000000000001
8.035
8.040000000000001
8.045
8.05
8.055
8.06
8.065000000000001
8.07
8.075000000000001
8.08
8.085
8.09
8.095
8.1
8.105
8.110000000000001
8.115
8.120000000000001
8.125
8.13
8.135
8.14
8.145
8.15
8.155000000000001
8.16
8.165000000000001
8.17
8.175
8.18
8.185
8.190000000000001
8.195
8.200000000000001
8.205
8.21
8.215
8.22
8.225
8.23
8.235000000000001
8.24
8.245000000000001
8.25
8.255
8.26
8.265
8.27
8.275
8.280000000000001
8.285
8.290000000000001
8.295
8.3
8.305
8.31
8.315000000000001
8.32
8.325000000000001
8.33
8.335
8.34
8.345
8.35
8.355
8.360000000000001
8.365
8.370000000000001
8.375
8.38
8.385
8.39
8.395
8.4
8.405000000000001
8.41
8.415000000000001
8.42
8.425
8.43
8.435
8.440000000000001
8.445
8.450000000000001
8.455
8.46
8.465
8.47
8.475
8.48
8.485000000000001
8.49
8.495000000000001
8.5
8.505
8.51
8.515
8.52
8.525
8.530000000000001
8.535
8.540000000000001
8.545
8.55
8.555
8.56
8.565000000000001
8.57
8.575000000000001
8.58
8.585
8.59
8.595
8.6
8.605
8.610000000000001
8.615
8.620000000000001
8.625
8.63
8.635
8.64
8.645
8.65
8.655000000000001
8.66
8.665000000000001
8.67
8.675
8.68
8.685
8.690000000000001
8.695
8.700000000000001
8.705
8.71
8.715
8.72
8.725
8.73
8.735000000000001
8.74
8.745000000000001
8.75
8.755
8.76
8.765
8.77
8.775
8.780000000000001
8.785
8.790000000000001
8.795
8.8
8.805
8.81
8.815000000000001
8.82
8.825000000000001
8.83
8.835
8.84
8.845
8.85
8.855
8.860000000000001
8.865
8.870000000000001
8.875
8.88
8.885
8.89
8.895
8.9
8.905000000000001
8.91
8.915000000000001
8.92
8.925
8.93
8.935
8.940000000000001
8.945
8.950000000000001
8.955
8.96
8.965
8.97
8.975
8.98
8.985000000000001
8.99
8.995000000000001
9.
9.005
9.01
9.015
9.02
9.025
9.030000000000001
9.035
9.040000000000001
9.045
9.05
9.055000000000001
9.06
9.065000000000001
9.07
9.075000000000001
9.08
9.085
9.090000000000002
9.095
9.100000000000001
9.105
9.110000000000001
9.115
9.120000000000001
9.125
9.13
9.135000000000002
9.14
9.145000000000001
9.15
9.155000000000001
9.16
9.165000000000001
9.170000000000002
9.175
9.180000000000001
9.185
9.190000000000001
9.195
9.200000000000001
9.205
9.21
9.215000000000002
9.22
9.225000000000001
9.23
9.235000000000001
9.24
9.245000000000001
9.25
9.255
9.260000000000002
9.265
9.270000000000001
9.275
9.280000000000001
9.285
9.290000000000001
9.295000000000002
9.3
9.305000000000001
9.31
9.315000000000001
9.32
9.325000000000001
9.33
9.335
9.340000000000002
9.345
9.350000000000001
9.355
9.360000000000001
9.365
9.370000000000001
9.375
9.38
9.385000000000002
9.39
9.395000000000001
9.4
9.405000000000001
9.41
9.415000000000001
9.420000000000002
9.425
9.430000000000001
9.435
9.440000000000001
9.445
9.450000000000001
9.455
9.46
9.465000000000002
9.47
9.475000000000001
9.48
9.485000000000001
9.49
9.495000000000001
9.5
9.505
9.510000000000002
9.515
9.520000000000001
9.525
9.530000000000001
9.535
9.540000000000001
9.545000000000002
9.55
9.555000000000001
9.56
9.565000000000001
9.57
9.575000000000001
9.58
9.585
9.590000000000002
9.595
9.600000000000001
9.605
9.610000000000001
9.615
9.620000000000001
9.625000000000002
9.63
9.635000000000002
9.64
9.645000000000001
9.65
9.655000000000001
9.66
9.665000000000001
9.670000000000002
9.675
9.680000000000001
9.685
9.690000000000001
9.695
9.700000000000001
9.705
9.71
9.715000000000002
9.72
9.725000000000001
9.73
9.735000000000001
9.74
9.745000000000001
9.750000000000002
9.755
9.760000000000002
9.765
9.770000000000001
9.775
9.780000000000001
9.785
9.790000000000001
9.795000000000002
9.8
9.805000000000001
9.81
9.815000000000001
9.82
9.825000000000001
9.83
9.835
9.840000000000002
9.845
9.850000000000001
9.855
9.860000000000001
9.865
9.870000000000001
9.875000000000002
9.88
9.885000000000002
9.89
9.895000000000001
9.9
9.905000000000001
9.91
9.915000000000001
9.920000000000002
9.925
9.930000000000001
9.935
9.940000000000001
9.945
9.950000000000001
9.955
9.96
9.965000000000002
9.97
9.975000000000001
9.98
9.985000000000001
9.99
9.995000000000001
10.000000000000002
10.005
10.010000000000002
10.015
10.020000000000001
10.025
10.030000000000001
10.035
10.040000000000001
10.045000000000002
10.05
10.055000000000001
10.06
10.065000000000001
10.07
10.075000000000001
10.08
10.085
10.090000000000002
10.095
10.100000000000001
10.105
10.110000000000001
10.115
10.120000000000001
10.125000000000002
10.13
10.135000000000002
10.14
10.145000000000001
10.15
10.155000000000001
10.16
10.165000000000001
10.170000000000002
10.175
10.180000000000001
10.185
10.190000000000001
10.195
10.200000000000001
10.205
10.21
10.215000000000002
10.22
10.225000000000001
10.23
10.235000000000001
10.24
10.245000000000001
10.250000000000002
10.255
10.260000000000002
10.265
10.270000000000001
10.275
10.280000000000001
10.285
10.290000000000001
10.295000000000002
10.3
10.305000000000001
10.31
10.315000000000001
10.32
10.325000000000001
10.33
10.335
10.340000000000002
10.345
10.350000000000001
10.355
10.360000000000001
10.365
10.370000000000001
10.375000000000002
10.38
10.385000000000002
10.39
10.395000000000001
10.4
10.405000000000001
10.41
10.415000000000001
10.420000000000002
10.425
10.430000000000001
10.435
10.440000000000001
10.445
10.450000000000001
10.455
10.46
10.465000000000002
10.47
10.475000000000001
10.48
10.485000000000001
10.49
10.495000000000001
10.500000000000002
10.505
10.510000000000002
10.515
10.520000000000001
10.525
10.530000000000001
10.535
10.540000000000001
10.545000000000002
10.55
10.555000000000001
10.56
10.565000000000001
10.57
10.575000000000001
10.58
10.585
10.590000000000002
10.595
10.600000000000001
10.605
10.610000000000001
10.615
10.620000000000001
10.625000000000002
10.63
10.635000000000002
10.64
10.645000000000001
10.65
10.655000000000001
10.66
10.665000000000001
10.670000000000002
10.675
10.680000000000001
10.685
10.690000000000001
10.695
10.700000000000001
10.705
10.71
10.715000000000002
10.72
10.725000000000001
10.73
10.735000000000001
10.74
10.745000000000001
10.750000000000002
10.755
10.760000000000002
10.765
10.770000000000001
10.775
10.780000000000001
10.785
10.790000000000001
10.795000000000002
10.8
10.805000000000001
10.81
10.815000000000001
10.82
10.825000000000001
10.83
10.835
10.840000000000002
10.845
10.850000000000001
10.855
10.860000000000001
10.865
10.870000000000001
10.875000000000002
10.88
10.885000000000002
10.89
10.895000000000001
10.9
10.905000000000001
10.91
10.915000000000001
10.920000000000002
10.925
10.930000000000001
10.935
10.940000000000001
10.945
10.950000000000001
10.955
10.96
10.965000000000002
10.97
10.975000000000001
10.98
10.985000000000001
10.99
10.995000000000001
11.000000000000002
11.005
11.010000000000002
11.015
11.020000000000001
11.025
11.030000000000001
11.035
11.040000000000001
11.045000000000002
11.05
11.055000000000001
11.06
11.065000000000001
11.07
11.075000000000001
11.08
11.085
11.090000000000002
11.095
11.100000000000001
11.105
11.110000000000001
11.115
11.120000000000001
11.125000000000002
11.13
11.135000000000002
11.14
11.145000000000001
11.15
11.155000000000001
11.16
11.165000000000001
11.170000000000002
11.175
11.180000000000001
11.185
11.190000000000001
11.195
11.200000000000001
11.205
11.21
11.215000000000002
11.22
11.225000000000001
11.23
11.235000000000001
11.24
11.245000000000001
11.250000000000002
11.255
11.260000000000002
11.265
11.270000000000001
11.275
11.280000000000001
11.285
11.290000000000001
11.295000000000002
11.3
11.305000000000001
11.31
11.315000000000001
11.32
11.325000000000001
11.33
11.335
11.340000000000002
11.345
11.350000000000001
11.355
11.360000000000001
11.365
11.370000000000001
11.375000000000002
11.38
11.385000000000002
11.39
11.395000000000001
11.4
11.405000000000001
11.41
11.415000000000001
11.420000000000002
11.425
11.430000000000001
11.435
11.440000000000001
11.445
11.450000000000001
11.455
11.46
11.465000000000002
11.47
11.475000000000001
11.48
11.485000000000001
11.49
11.495000000000001
11.500000000000002
11.505
11.510000000000002
11.515
11.520000000000001
11.525
11.530000000000001
11.535
11.540000000000001
11.545000000000002
11.55
11.555000000000001
11.56
11.565000000000001
11.57
11.575000000000001
11.58
11.585
11.590000000000002
11.595
11.600000000000001
11.605
11.610000000000001
11.615
11.620000000000001
11.625000000000002
11.63
11.635000000000002
11.64
11.645000000000001
11.65
11.655000000000001
11.66
11.665000000000001
11.670000000000002
11.675
11.680000000000001
11.685
11.690000000000001
11.695
11.700000000000001
11.705
11.71
11.715000000000002
11.72
11.725000000000001
11.73
11.735000000000001
11.74
11.745000000000001
11.750000000000002
11.755
11.760000000000002
11.765
11.770000000000001
11.775
11.780000000000001
11.785
11.790000000000001
11.795000000000002
11.8
11.805000000000001
11.81
11.815000000000001
11.82
11.825000000000001
11.83
11.835
11.840000000000002
11.845
11.850000000000001
11.855
11.860000000000001
11.865
11.870000000000001
11.875000000000002
11.88
11.885000000000002
11.89
11.895000000000001
11.9
11.905000000000001
11.91
11.915000000000001
11.920000000000002
11.925
11.930000000000001
11.935
11.940000000000001
11.945
11.950000000000001
11.955
11.96
11.965000000000002
11.97
11.975000000000001
11.98
11.985000000000001
11.99
11.995000000000001
12.000000000000002