2.05
2.0999999999999996
2.15
2.1999999999999997
2.25
2.3
2.3499999999999996
2.4
2.4499999999999997
2.5
2.55
2.5999999999999996
2.65
2.6999999999999997
2.75
2.8
2.8499999999999996
2.9
2.9499999999999997
3.
3.05
3.0999999999999996
3.15
3.2
3.25
3.3
3.3499999999999996
3.4
3.45
3.5
3.55
3.5999999999999996
3.65
3.7
3.75
3.8
3.8499999999999996
3.9
3.95
4.
4.05
4.1
4.15
4.199999999999999
4.25
4.3
4.35
4.4
4.45
4.5
4.55
4.6
4.65
4.7
4.75
4.8
4.85
4.9
4.95
5.
5.05
5.1
5.15
5.2
5.25
5.3
5.35
5.4
5.45
5.5
5.55
5.6
5.65
5.7
5.75
5.8
5.85
5.9
5.95
6.
6.05
6.1
6.15
6.2
6.25
6.3
6.35
6.4
6.45
6.5
6.55
6.6
6.65
6.7
6.75
6.8
6.8500000000000005
6.9
6.95
7.
7.05
7.1000000000000005
7.15
7.2
7.25
7.3
7.3500000000000005
7.4
7.45
7.5
7.55
7.6000000000000005
7.65
7.7
7.75
7.8
7.8500000000000005
7.9
7.95
8.
8.05
8.100000000000001
8.15
8.2
8.25
8.3
8.350000000000001
8.4
8.45
8.5
8.55
8.600000000000001
8.65
8.7
8.75
8.8
8.850000000000001
8.9
8.95
9.
9.05
9.100000000000001
9.15
9.2
9.25
9.3
9.350000000000001
9.4
9.45
9.5
9.55
9.600000000000001
9.65
9.7
9.75
9.8
9.850000000000001
9.9
9.95
10.
10.05
10.100000000000001
10.149999999999999
10.2
10.25
10.3
10.350000000000001
10.399999999999999
10.45
10.5
10.55
10.600000000000001
10.649999999999999
10.7
10.75
10.8
10.850000000000001
10.899999999999999
10.95
11.
11.05
11.100000000000001
11.149999999999999
11.2
11.25
11.3
11.350000000000001
11.399999999999999
11.45
11.5
11.55
11.600000000000001
11.650000000000002
11.7
11.75
11.8
11.850000000000001
11.900000000000002
11.95
12.
12.05