10.746998174821279
10.869852695374615
10.992408929294063
11.114597258890027
11.23635795651705
11.35763985914779
11.478399235449547
11.598598814591172
11.718206951399164
11.837196906845715
11.955546226399802
12.073236201669257
12.190251403136406
12.30657927374367
12.422209774699176
12.537135076209658
12.651349286960002
12.764848217086563
12.877629170167744
12.989690760407207
13.101032751733673
13.211655916004586
13.321561907893024
13.430753154370032
13.53923275697783
13.647004405330753
13.754072300487444
13.860441087014678
13.966115792715172
14.071101775122584
14.175404673979612
14.279030369012627
14.381984942400624
14.484274645409423
14.585905868725769
14.686885116081175
14.787218980803777
14.8869141249785
14.985977260932826
15.084415134797682
15.18223451192135
15.279442163939235
15.376044857324233
15.472049343261707
15.567462348710254
15.662290568524343
15.756540658528383
15.850219229443432
15.943332841578348
16.035888000206356
16.127891151556387
16.219348679355683
16.31026690186701
16.400652069369265
16.490510362035845
16.579847888169514
16.668670682756733
16.75698470630827
16.844795843956014
16.932109904779047
17.018932621334667
17.105269649372445
17.191126567711564
17.27650887826362
17.36142200618484
17.445871300143207
17.529862032687376
17.613399400705614
17.69648852596414
17.779134455715138
17.861342163365872
17.943116549200987
18.024462441150973
18.105384595600395
18.18588769823011
18.26597636488836
18.345655142485935
18.424928509911332
18.503800878962036
18.582276595288487
18.660359939347813
18.738055127364333
18.815366312294614
18.892297584794687
18.96885297418753
19.04503644942904
19.120851920070866
19.196303237218764
19.271394194485193
19.34612852893508
19.42050992202374
19.49454200052611
19.568228337456596
19.64157245297881
19.714577815304665
19.787247841582392
19.859585898772952
19.931595304514605
20.00327932797534
20.07464119069279
20.145684067401678
20.216411086848424
20.28682533259296
20.356929843797598
20.426727616002964
20.496221601890937
20.565414712034684
20.63430981563568
20.702909741248007
20.771217277489725
20.839235173741656
20.906966140833532
20.97441285171767
21.04157794213032
21.10846401124079
21.175073622288547
21.24140930320836
21.307473547243728
21.373268813548762
21.43879752777857
21.504062082668483
21.56906483860217
21.633808124168908
21.698294236710066
21.762525442855175
21.826503979047587
21.890232052059954
21.95371183949975
22.016945490305044
22.07993512523054
22.142682837324298
22.205190692395075
22.267460729470677
22.32949496124737
22.3912953745305
22.452863930666613
22.514202565967178
22.575313192123986
22.636197696616637
22.69685794311195
22.757295771855784
22.81751300005716
22.877511422265016
22.937292810737627
22.99685891580496
23.056211466224013
23.1153521695273
23.17428271236462
23.233004760838387
23.29151996083237
23.349829938334295
23.407936299752173
23.46584063222468
23.52354450392561
23.581049464362565
23.638357044669956
23.69546875789649
23.75238609928722
23.80911054656037
23.8656435601788
23.921986583616555
23.97814104362034
24.034108350466123
24.08988989821102
24.145487064940443
24.20090121301072
24.256133689287235
24.311185825378107
24.36605893786374
24.42075432852196
24.47527328454922
24.529617078777665
24.583786969888273
24.637784202620214
24.691610007976248
24.74526560342463
24.79875219309721
24.85207096798408
24.905223106124723
24.95820977279571
25.011032120695123
25.06369129012367
25.116188409162596
25.168524593848446
25.220700948344824
25.27271856511103
25.324578525067874
25.376281897760453
25.427829741518277
25.47922310361241
25.530463020410092
25.581550517526587
25.63248660997441
25.68327230231009
25.733908588778334
25.78439645345374
25.834736870380194
25.884930803707803