737.6996170270633
608.3219038317633
510.15679675771895
433.9466322874529
373.62392346403766
325.078372002086
285.44587433808124
252.68147626173973
225.2937278061831
202.17432548428613
182.48590099412135
165.58633958969756
150.97664763181476
138.2643553998801
127.13738305020149
117.34508687713006
108.6843176250976
100.98903212207539
94.12246017602251
87.97113322840131
82.44028597000403
77.45028184697603
72.93381010996026
68.83366990376878
65.10100506709824
61.69388790786231
58.57617533189027
55.71657911381675
53.08790572427504
50.66643130038127
48.43138500516456
46.36451983289513
44.449754359668425
42.67287235853846
41.02126984892944
39.48374121717938
38.05029766702638
36.712012538816445
35.46088905186282
34.28974683450927
33.19212425588416
32.16219409642966
31.19469051757399
30.284845634918224
29.428334280076033
28.621225766372383
27.85994166287255
27.14121873748783
26.46207635940813
25.8197877587967
25.211854631528706
24.6359846519551
24.090071519810998
23.572177220558565
23.08051622335813
22.613441378892073
22.16943131156198
21.747079128077473
21.345082287927156
20.962233501307157
20.5974125373095
20.249578839984615
19.917764862651968
19.60107004185406
19.2986553418836
19.009738309083176
18.733588582299998
18.469523812133055
18.216905947063687
17.975137849327606
17.7436602075569
17.521948716880043
17.309511500379653
17.105886748635672
16.910640556571487
16.723364939020172
16.543676008370348
16.371212299372186
16.205633227708834
16.046617670293067
15.893862656452193
15.747082160236495
15.606005985041383
15.470378732586555
15.339958849057279
15.21451774189476
15.09383896133405
14.977717441334935
14.865958795044774
14.758378660373069
14.65480209165714
14.555062993756016
14.459003595234014
14.366473957586964
14.277331517728728
14.191440661194147
14.108672323731087
14.028903619150446
13.952017491480838
13.877902389636333
13.806451962952517
13.737564776080108
13.67114404184639
13.607097370806581
13.545336536307763
13.485777253980507
13.428338974658184
13.372944689800494
13.319520748568833
13.267996685765668
13.218305059909337
13.170381300770169
13.124163565743615
13.079592604482047
13.036611631248961
12.995166204498059
12.955204113215462
12.916675269596034
12.879531607655244
12.8437269874058
12.809217104254104
12.77595940329538
12.743912998208504
12.7130385944715
12.683298416637891
12.654656139431324
12.62707682243205
12.600526848143712
12.574973863242954
12.550386722827092
12.526735437486925
12.50399112304322
12.482125952795199
12.461113112139476
12.44092675542634
12.421541964928977
12.402934711808584
12.385081818965842
12.367960925675769
12.351550453909189
12.335829576250035
12.32077818532308
12.306376864651753
12.292606860870466
12.279450057220442
12.266888948261991
12.254906615740198
12.243486705544672
12.232613405707266
12.22227142538501
12.212445974778383
12.203122745937986
12.194287894415199
12.185928021714853
12.178030158510438
12.170581748584352
12.163570633457862
12.156985037677277
12.15081355472479
12.145045133523933
12.1396690655114
12.134674972248328
12.130052793545707
12.125792776079711
12.121885462474225
12.1183216808289
12.115092534672174
12.112189393319813
12.109603882620528
12.107327876071023
12.105353486283981
12.10367305679298
12.102279154179499
12.101164560507566
12.10032226605259
12.099745462311413
12.099427535281327
12.09936205899636
12.099542789309705
12.099963657911749
12.100618766573614
12.101502381606574
12.102608928528285
12.103932986927074
12.10546928551594
12.107212697368487
12.1091582353291
12.1113010475903
12.11363641343025
12.116159739104047
12.118866553882413
12.121752506231884
12.124813360130736
12.128044991515273
12.131443384851233
12.135004629825362
12.138724918152388
12.142600540492836
12.146627883477437
12.15080342683384
12.155123740611772
12.159585482502779
12.16418539525091
12.168920304150962
12.173787114630752
12.178782809914459
12.183904448763814
12.189149163294267
12.194514156863319
12.19999670202836
12.20559413857136
12.211303871588045
12.217123369639094
12.223050162961147
12.22908184173541
12.235216054411778
12.241450506086514
12.24778295693144
12.254211220672916
12.260733163118779
12.267346700731533
12.274049799246168
12.280840472330995
12.28771678029009
12.294676828805752
12.301718767719697
12.30884078985159
12.316041129853646
12.323318063100027
12.330669904609913
12.338095008003004
12.345591764486446
12.353158601872064
12.360793983622843
12.368496407927797
12.376264406804156
12.384096545226006
12.39199142027853
12.39994766033696
12.407963924269463
12.416038900663134
12.424171307072386
12.432359889289009
12.440603420633117
12.448900701264412
12.457250557513062
12.46565184122955
12.474103429152928
12.48260422229684
12.491153145352822
12.49974914611024
12.508391194892429
12.517078284008468
12.525809427220164
12.53458365922366
12.543400035145359
12.552257630051598
12.561155538471724
12.570092873934106
12.57906876851478
12.588082372398183
12.597132853449784
12.60621939680015
12.615341204440101
12.624497494826683
12.633687502499576
12.642910477707632
12.652165686045295
12.661452408098539
12.67076993910011
12.680117588593696
12.689494680106925
12.698900550832775
12.70833455131924
12.717796045166951
12.727284408734633
12.736799030852016
12.746339312540131
12.755904666738662
12.765494518040262
12.775108302431534
12.784745467040537
12.794405469890687
12.804087779660717
12.813791875450699
12.823517246553878
12.833263392234086
12.843029821508779
12.852816052937294
12.862621614414396
12.872446042968807
12.882288884566721
12.892149693920036
12.902028034299285
12.911923477351058
12.921835602919819
12.931763998874073
12.941708260936597
12.951667992518804
12.96164280455902
12.971632315364616
12.981636150457847
12.991653942425373
13.001685330771316
13.011729961773703
13.021787488344371
13.031857569892042
13.041939872188676
13.052034067238822
13.062139833152102
13.072256854018553
13.08238481978684
13.092523426145346
13.102672374405865
13.112831371390039
13.123000129318324
13.13317836570151
13.14336580323468
13.153562169693506
13.163767197833014
13.17398062528846
13.184202194478543
13.194431652510708
13.20466875108859
13.21491324642151
13.225164899135923
13.235423474188917
13.245688740783498
13.255960472285869
13.26623844614436
13.276522443810274
13.286812250660386
13.297107655921103
13.307408452594332
13.317714437384907
13.32802541062956
13.33834117622748
13.348661541572316
13.358986317485623
13.369315318151774
13.37964836105421
13.389985266913067
13.400325859624115
13.410669966198993
13.421017416706693
13.431368044216258
13.441721684740735
13.45207817718223
13.462437363278148
13.472799087548548
13.483163197244581
13.493529542297996
13.50389797527168
13.51426835131125
13.524640528097583
13.535014365800372
13.545389727032596
13.555766476805946
13.566144482487113
13.57652361375502
13.586903742558873
13.597284743077077
13.607666491677007
13.618048866875501
13.628431749300264
13.638815021651942
13.649198568667014
13.659582277081395
13.669966035594761
13.680349734835607
13.690733267326953
13.701116527452779
13.711499411425061
13.721881817251498
13.732263644703865
13.742644795286973
13.753025172208217
13.763404680347763
13.7737832262293
13.784160717991284
13.79453706535887
13.804912179616277
13.815285973579728
13.825658361570893
13.836029259390902
13.846398584294716
13.856766254966152
13.867132191493265
13.87749631534425
13.887858549343775
13.898218817649807
13.908577045730787
13.918933160343357
13.92928708951036
13.939638762499417
13.949988109801723
13.960335063111419
13.970679555305212
13.981021520422441
13.991360893645483
14.001697611280532
14.01203161073877
14.022362830517801
14.032691210183502
14.043016690352177
14.053339212673038
14.063658719811006
14.07397515542983
14.084288464175511
14.094598591660038
14.104905484445393
14.115209090027859
14.12550935682262
14.135806234148653
14.14609967221381
14.156389622100301
14.166676035750314
14.176958865951955
14.187238066325419
14.197513591309422
14.207785396147885
14.218053436876785
14.228317670311325
14.238578054033292
14.248834546378633
14.259087106425243
14.26933569398101
14.279580269572024
14.289820794430998
14.30005723048592
14.310289540348885
14.320517687305117
14.330741635302164
14.340961348939338
14.351176793457286
14.361387934727759
14.371594739243525
14.381797174108552
14.391995207028216
14.40218880629984
14.412377940803195
14.422562579991407
14.432742693881785
14.442918253046978
14.453089228606153
14.463255592216434
14.473417316064433
14.483574372857875
14.49372673581747
14.503874378668842
14.514017275634624
14.524155401426684
14.534288731238474
14.544417240737497
14.554540906057952
14.564659703793396
14.5747736109897
14.584882605137887
14.594986664167331
14.60508576643889
14.615179890738242
14.625269016269307
14.635353122647775
14.645432189894745
14.655506198430462
14.665575129068163
14.675638963008021
14.685697681831204
14.695751267493986
14.70579970232202
14.715842969004617
14.72588105058923
14.735913930475908
14.745941592411949
14.755964020486543
14.765981199125571
14.775993113086457
14.785999747453115
14.796001087630948
14.80599711934198
14.815987828620019
14.825973201805901
14.835953225542863
14.845927886771891
14.855897172727259
14.865861070932045
14.875819569193748
14.885772655600011
14.895720318514343
14.905662546571975
14.915599328675741
14.925530653992027
14.935456511946791
14.94537689222167
14.955291784750095
14.965201179713482
14.975105067537548
14.98500343888859
14.994896284669888
15.004783596018106
15.014665364299816
15.024541581108025
15.034412238258787
15.044277327787835
15.054136841947294
15.06399077320245
15.07383911422851
15.083681857907518
15.093518997325162
15.103350525767832
15.113176436719543
15.122996723858982
15.132811381056626
15.142620402371838
15.152423782050052
15.162221514520015
15.172013594391
15.181800016450135
15.191580775659759
15.201355867154762
15.211125286240042
15.220889028387951
15.230647089235791
15.24039946458336
15.250146150390524
15.259887142774794
15.269622438009035
15.279352032519101
15.28907592288154
15.298794105821376
15.308506578209892
15.318213337062414
15.327914379536182
15.337609702928237
15.347299304673319
15.3569831823418
15.366661333637676
15.376333756396585
15.386000448583781
15.395661408292266
15.405316633740842
15.414966123272222
15.424609875351198
15.4342478885628
15.443880161610517
15.453506693314484
15.463127482609774
15.472742528544648
15.482351830278885
15.491955387082076
15.501553198332003
15.511145263513011
15.520731582214392
15.530312154128826
15.539886979050813
15.549456056875155
15.559019387595418
15.568576971302493
15.57812880818309
15.58767489851829
15.597215242682154
15.60674984114029
15.616278694448486
15.62580180325133
15.635319168280862
15.644830790355313
15.654336670377688
15.663836809334576
15.673331208294815
15.682819868408309
15.692302790904714
15.701779977092295
15.711251428356679
15.7207171461597
15.730177132038216
15.739631387602996
15.749079914537536
15.758522714596994
15.767959789607053
15.777391141462855
15.78681677212795
15.79623668363319
15.805650878075737
15.815059357618022
15.824462124486748
15.833859180971857
15.843250529425603
15.852636172261537
15.862016111953583
15.871390351035076
15.880758892097848
15.890121737791317
15.899478890821559
15.908830353950455
15.91817612999479
15.9275162218254
15.936850632366305
15.946179364593876
15.95550242153602
15.964819806271343
15.974131521928351
15.983437571684656
15.992737958766183
16.002032686446416
16.011321758045632
16.02060517693012
16.029882946511478
16.039155070245865
16.04842155163328
16.05768239421684
16.06693760158211
16.076187177356378
16.085431125207986
16.09466944884568
16.1039021520179
16.113129238512165
16.12235071215441
16.131566576808357
16.14077683637488
16.14998149479139
16.159180556031227
16.16837402410306
16.17756190305027
16.18674419695041
16.195920909914584
16.2050920460869
16.214257609643884
16.22341760479398
16.232572035776926
16.241720906863282
16.250864222353847
16.260001986579194
16.26913420389909
16.27826087870201
16.287382015404656
16.29649761845143
16.305607692313945
16.314712241490565
16.323811270505914
16.332904783910394
16.341992786279754
16.351075282214588
16.360152276339925
16.36922377330478
16.378289777781657
16.387350294466184
16.396405328076693
16.405454883353723
16.414498965059654
16.423537577978333
16.432570726914577
16.44159841669385
16.450620652161845
16.45963743818409
16.468648779645562
16.477654681450346
16.4866551485212
16.495650185799217
16.50463979824351
16.51362399083077
16.52260276855495
16.531576136426946
16.540544099474214
16.549506662740438
16.55846383128521
16.567415610183676
16.576362004526235
16.585303019418234
16.594238659979577
16.603168931344502
16.612093838661202
16.621013387091583
16.629927581810907
16.63883642800754
16.647739930882622
16.65663809564981
16.665530927534984
16.67441843177598
16.683300613622254
16.6921774783347
16.70104903118531
16.709915277456947
16.71877622244307
16.72763187144745
16.736482229783974
16.74532730277635
16.754167095757868
16.763001614071143
16.77183086306791
16.780654848108743
16.789473574562866
16.798287047807875
16.807095273229532
16.81589825622155
16.824696002185355
16.833488516529844
16.842275804671235
16.851057872032793
16.85983472404465
16.868606366143556
16.877372803772747
16.88613404238168
16.89489008742584
16.9036409443666
16.912386618670947
16.921127115811334
16.9298624412655
16.93859260051626
16.947317599051324
16.95603744236315
16.964752135948697
16.973461685309328
16.98216609595056
16.990865373381965
16.999559523116954
17.00824855067261
17.016932461569542
17.025611261331733
17.034284955486335
17.04295354956356
17.05161704909649
17.06027545962094
17.06892878667531
17.077577035800427
17.0862202125394
17.094858322437446
17.103491371041823
17.11211936390161
17.120742306567596
17.129360204592164
17.137973063529095
17.146580888933542
17.155183686361756
17.16378146137109
17.17237421951978
17.180961966366848
17.189544707472006
17.19812244839547
17.206695194697897
17.215262951940257
17.223825725683668
17.23238352148934
17.240936344918413
17.24948420153188
17.258027096890455
17.26656503655446
17.275098026083743
17.28362607103753
17.292149176974362
17.30066734945196
17.309180594027136
17.317688916255694
17.32619232169233
17.33469081589051
17.34318440440242
17.35167309277884
17.360156886569026
17.368635791320685
17.37710981257983
17.385578955890676
17.39404322679563
17.402502630835116
17.41095717354756
17.419406860469223
17.427851697134198
17.436291689074302
17.444726841818966
17.453157160895188
17.46158265182743
17.47000332013758
17.47841917134482
17.48683021096559
17.4952364445135
17.503637877499262
17.512034515430607
17.520426363812227
17.5288134281457
17.537195713929407
17.5455732266585
17.55394597182479
17.56231395491671
17.570677181419242
17.579035656813854
17.587389386578437
17.595738376187235
17.6040826311108
17.612422156815914
17.620756958765536
17.629087042418764
17.637412413230724
17.645733076652576
17.654049038131433
17.662360303110272
17.670666877027934
17.67896876531905
17.68726597341396
17.695558506738717
17.703846370714995
17.712129570760034
17.720408112286627
17.728682000703042
17.73695124141299
17.74521583981556
17.753475801305186
17.761731131271613
17.769981835099816
17.778227918169993
17.78646938585751
17.794706243532833
17.80293849656154
17.811166150304224
17.819389210116487
17.827607681348887
17.835821569346884
17.844030879450862
17.852235616995998
17.860435787312298
17.868631395724545
17.87682244755223
17.885008948109554
17.893190902705385
17.901368316643207
17.909541195221106
17.917709543731718
17.925873367462223
17.93403267169427
17.942187461704
17.950337742761977
17.958483520133168
17.96662479907691
17.97476158484688
17.982893882691084
17.99102169785181
17.999145035565594
18.007263901063222
18.015378299569658
18.02348823630409
18.031593716479808
18.039694745304256
18.04779132797899
18.055883469699634
18.06397117565585
18.07205445103136
18.080133301003883
18.088207730745122
18.096277745420753
18.10434335019037
18.112404550207525
18.12046135061963
18.128513756568022
18.136561773187854
18.144605405608154
18.15264465895174
18.160679538335277
18.16871004886916
18.176736195657597
18.184757983798516
18.192775418383587
18.200788504498192
18.208797247221426
18.21680165162605
18.22480172277848
18.232797465738823
18.24078888556077
18.248775987291697
18.256758775972525
18.264737256637805
18.272711434315653
18.28068131402776
18.288646900789363
18.29660819960926
18.304565215489735
18.31251795342662
18.32046641840926
18.328410615420456
18.336350549436524
18.344286225427236
18.35221764835584
18.360144823179
18.36806775484686
18.37598644830296
18.383900908484296
18.39181114032125
18.399717148737604
18.40761893865056
18.41551651497069
18.42340988260193
18.431299046441623
18.439184011380426
18.44706478230241
18.454941364084945
18.462813761598756
18.470681979707912
18.478546023269807
18.486405897135164
18.49426160614801
18.502113155145675
18.50996054895882
18.517803792411392
18.525642890320643
18.533477847497092
18.54130866874457
18.549135358860184
18.556957922634307
18.564776364850594
18.57259069028597
18.580400903710633
18.588207009888023
18.59600901357487
18.603806919521148
18.61160073247007
18.619390457158126
18.627176098315037
18.634957660663783
18.64273514892059
18.65050856779492
18.65827792198948
18.666043216200226
18.67380445511633
18.68156164342024
18.689314785787605
18.697063886887342
18.704808951381565
18.712549983925665
18.720286989168248
18.72801997175115
18.735748936309452
18.743473887471477
18.751194829858765
18.758911768086108
18.766624706761522
18.77433365048628
18.782038603854875
18.789739571455033
18.797436557867762
18.805129567667258
18.812818605421004
18.820503675689697
18.8281847830273
18.835861931981036
18.843535127091343
18.85120437289193
18.858869673909776
18.866531034665094
18.874188459671366
18.881841953435348
18.889491520457042
18.897137165229726
18.904778892239953
18.912416705967562
18.920050610885625
18.92768061146054
18.93530671215199
18.942928917412896
18.950547231689526
18.958161659421407
18.96577220504139
18.973378872975605
18.980981667643498
18.988580593457836
18.99617565482469
19.003766856143447
19.011354201806828
19.01893769620087
19.026517343704953
19.034093148691788
19.04166511552743
19.049233248571287
19.05679755217611
19.06435803068802
19.071914688446476
19.07946752978431
19.087016559027756
19.094561780496395
19.102103198503187
19.109640817354517
19.117174641350132
19.124704674783185
19.13223092194023
19.139753387101255
19.14727207453964
19.154786988522197
19.162298133309168
19.169805513154238
19.177309132304526
19.18480899500058
19.192305105476457
19.199797467959588
19.207286086670962
19.214770965824975
19.222252109629537
19.229729522286036
19.237203207989346
19.244673170927832
19.25213941528341
19.259601945231456
19.267060764940883
19.27451587857415
19.281967290287238
19.289415004229635
19.296859024544446
19.304299355368286
19.311736000831335
19.31916896505733
19.32659825216362
19.334023866261145
19.341445811454363
19.348864091841417
19.356278711514015
19.36368967455747
19.371096985050745
19.37850064706641
19.385900664670697
19.39329704192344
19.40068978287817
19.408078891582058
19.41546437207594
19.422846228394345
19.43022446456544
19.43759908461117
19.44497009254708
19.452337492382476
19.45970128812041
19.46706148375758
19.474418083284483
19.4817710906853
19.489120509938022
19.496466345014355
19.503808599879765
19.511147278493535
19.51848238480867
19.525813922772006
19.533141896324164
19.540466309399584
19.547787165926504
19.55510446982697
19.56241822501691
19.569728435406056
19.577035104897973
19.584338237390142
19.591637836773845
19.59893390693429
19.60622645175053
19.61351547509552
19.620800980836133
19.628082972833152
19.635361454941226
19.64263643100902
19.64990790487905
19.657175880387815
19.664440361365767
19.67170135163733
19.67895885502086
19.686212875328724
19.693463416367276
19.700710481936863
19.70795407583183
19.71519420184054
19.722430863745394
19.729664065322815
19.736893810343258
19.74412010257125
19.751342945765373
19.75856234367826
19.765778300056652
19.772990818641343
19.780199903167254
19.787405557363382
19.794607784952863
19.80180658965297
19.809001975175057
19.81619394522466
19.823382503501453
19.830567653699283
19.837749399506126
19.8449277446042
19.852102692669856
19.85927424737368
19.866442412380415
19.873607191349084
19.88076858793287
19.887926605779246
19.895081248529877
19.902232519820725
19.909380423281977
19.916524962538112
19.92366614120787
19.930803962904328
19.937938431234784
19.94506954980091
19.952197322198653
19.95932175201832
19.966442842844526
19.973560598256224
19.98067502182677
19.987786117123825
19.994893887709456
20.001998337140108
20.009099468966607
20.016197286734176
20.023291793982462
20.030382994245535
20.037470891051875
20.04455548792441
20.051636788380506
20.058714795932
20.065789514085175
20.0728609463408
20.079929096194146
20.08699396713495
20.09405556264745
20.101113886210413
20.108168941297137
20.115220731375405
20.1222692599076
20.129314530350605
20.136356546155888
20.143395310769463
20.150430827631954
20.15746310017855
20.164492131839037
20.1715179260378
20.17854048619386
20.185559815720833
20.19257591802699
20.199588796515236
20.20659845458313
20.213604895622897
20.220608123021414
20.227608140160243
20.234604950415665
20.241598557158607
20.24858896375473
20.25557617356445
20.26256018994282
20.26954101623971
20.27651865579969
20.283493111962112
20.29046438806104
20.297432487425365
20.304397413378755
20.311359169239623
20.318317758321204
20.32527318393157
20.332225449373578
20.339174557944926
20.346120512938132
20.353063317640576
20.360002975334503
20.36693948929697
20.373872862799974
20.380803099110366
20.38773020148987
20.394654173195114
20.40157501747767
20.408492737584005
20.415407336755486
20.42231881822846
20.42922718523422
20.43613244099899
20.443034588743938
20.44993363168526
20.4568295730341
20.463722415996603
20.470612163773897
20.477498819562157
20.484382386552536
20.491262867931216
20.49814026687945
20.50501458657353
20.511885830184756
20.518754000879515
20.525619101819323
20.53248113616069
20.53934010705525
20.54619601764977
20.553048871086062
20.559898670501113
20.566745419027
20.573589119790945
20.580429775915313
20.58726739051761
20.594101966710536
20.60093350760193
20.607762016294817
20.614587495887424
20.621409949473133
20.62822938014061
20.63504579097364
20.641859185051302
20.648669565447882
20.65547693523292
20.662281297471154
20.669082655222628
20.675881011542675
20.68267636948186
20.689468732086013
20.69625810239632
20.703044483449244
20.7098278782765
20.716608289905224
20.723385721357815
20.730160175652003
20.736931655800895
20.74370016481294
20.750465705691962
20.7572282814371
20.763987895042934
20.770744549499433
20.77749824779192
20.784248992901126
20.790996787803227
20.797741635469833
20.804483538867917
20.811222500959943
20.817958524703833
20.82469161305294
20.83142176895605
20.8381489953575
20.844873295197047
20.851594671409952
20.858313126926976
20.8650286646744
20.871741287574025
20.878450998543126
20.88515780049454
20.891861696336694
20.89856268897348
20.90526078130437
20.911955976224455
20.918648276624335
20.925337685390208
20.93202420540387
20.938707839542737
20.94538859067981
20.952066461683646
20.958741455418544
20.96541357474438
20.97208282251659
20.978749201586382
20.98541271480056
20.992073365001595
20.998731155027617
21.005386087712463
21.012038165885645
21.018687392372385
21.025333769993573
21.031977301565863
21.03861798990158
21.045255837808806
21.05189084809133
21.058523023548766
21.065152366976374
21.07177888116521
21.078402568902163
21.085023432969823
21.09164147614657
21.098256701206605
21.10486911091993
21.11147870805235
21.118085495365435
21.124689475616663
21.131290651559308
21.137889025942442
21.14448460151106
21.151077381005962
21.157667367163835
21.16425456271719
21.170838970394474
21.177420592920008
21.18399943301399
21.19057549339253
21.197148776767634
21.203719285847257
21.210287023335223
21.21685199193136
21.223414194331397
21.22997363322701
21.236530311305813
21.243084231251437
21.249635395743454
21.25618380745738
21.26272946906478
21.269272383233194
21.275812552626125
21.282349979903113
21.28888466771974
21.295416618727575
21.301945835574216
21.308472320903327
21.31499607735461
21.321517107563817
21.328035414162752
21.33455099977928
21.3410638670374
21.347574018557133
21.35408145695459
21.360586184842038
21.367088204827798
21.37358751951631
21.38008413150814
21.38657804340003
21.393069257784767
21.39955777725134
21.40604360438488
21.412526741766673
21.419007191974153
21.42548495758093
21.431960041156838
21.438432445267832
21.444902172476077
21.45136922533998
21.457833606414123
21.464295318249277
21.47075436339247
21.477210744386973
21.483664463772264
21.490115524084057
21.49656392785432
21.503009677611345
21.50945277587958
21.51589322517982
21.52233102802911
21.528766186940807
21.535198704424488
21.54162858298612
21.548055825127964
21.554480433348512
21.560902410142653
21.567321758001608
21.573738479412896
21.580152576860367
21.586564052824254
21.592972909781157
21.599379150203994
21.60578277656206
21.612183791321044
21.618582196943045
21.624977995886468
21.63137119060617
21.637761783553444
21.644149777175915
21.650535173917675
21.656917976219216
21.663298186517494
21.669675807245863
21.676050840834122
21.682423289708563
21.68879315629189
21.695160443003292
21.701525152258387
21.70788728646936
21.714246848044812
21.720603839389803
21.726958262905992
21.733310120991444
21.739659416040784
21.746006150445123
21.75235032659216
21.758691946866044
21.765031013647466
21.771367529313736
21.777701496238663
21.784032916792583
21.790361793342413
21.79668812825169
21.803011923880472
21.809333182585384
21.81565190671968
21.821968098633224
21.828281760672414
21.834592895180275
21.84090150449652
21.847207590957378
21.85351115689575
21.859812204641198
21.86611073651987
21.87240675485459
21.878700261964816
21.884991260166693
21.891279751772984
21.897565739093164
21.90384922443335
21.91013021009639
21.916408698381776
21.922684691585697
21.928958192001073
21.935229201917505
21.941497723621307
21.947763759395542
21.954027311519972
21.960288382271088
21.96654697392215
21.972803088743106
21.97905672900071
21.985307896958478
21.9915565948766
21.99780282501214
22.00404658961888
22.010287890947392
22.016526731245044
22.022763112755985
22.028997037721172
22.035228508378363
22.0414575269621
22.047684095703794
22.053908216831637
22.060129892570686
22.066349125142764
22.072565916766624
22.078780269657784
22.08499218602867
22.09120166808855
22.09740871804353
22.10361333809661
22.109815530447673
22.116015297293472
22.12221264082762
22.12840756324069
22.13460006672007
22.14079015345011
22.14697782561207
22.15316308538408
22.159345934941236
22.165526376455546
22.171704412095952
22.177880044028324
22.18405327441549
22.190224105417222
22.196392539190242
22.20255857788825
22.20872222366189
22.21488347865881
22.22104234502359
22.227198824897847
22.233352920420135
22.23950463372604
22.245653966948137
22.251800922216
22.257945501656227
22.264087707392417
22.270227541545204
22.27636500623225
22.28250010356825
22.288632835664924
22.294763204631053
22.30089121257246
22.307016861592036
22.3131401537897
22.319261091262476
22.325379676104458
22.33149591040675
22.337609796257656
22.343721335742444
22.349830530943553
22.355937383940525
22.362041896809956
22.368144071625572
22.374243910458237
22.380341415375895
22.386436588443654
22.39252943172372
22.398619947275453
22.404708137155353
22.410794003417063
22.416877548111373
22.422958773286226
22.42903768098675
22.435114273255216
22.44118855213107
22.447260519650946
22.453330177848677
22.459397528755225
22.46546257439881
22.471525316804804
22.47758575799581
22.48364389999163
22.489699744809283
22.495753294462993
22.501804550964227
22.50785351632167
22.513900192541243
22.51994458162609
22.52598668557664
22.53202650639052
22.538064046062633
22.54409930658518
22.55013228994756
22.556162998136465
22.56219143313589
22.56821759692707
22.57424149148855
22.580263118796132
22.586282480822966
22.59229957953942
22.598314416913265
22.604326994909503
22.61033731549046
22.616345380615826
22.622351192242565
22.628354752324984
22.63435606281475
22.640355125660815
22.646351942809527
22.65234651620453
22.658338847786876
22.664328939494936
22.670316793264433
22.6763024110285
22.68228579471761
22.688266946259606
22.694245867579752
22.70022256060065
22.706197027242307
22.712169269422155
22.718139289054985
22.72410708805301
22.730072668325878
22.736036031780575
22.741997180321583
22.74795611585078
22.753912840267475
22.759867355468387
22.76581966334772
22.771769765797064
22.77771766470549
22.783663361959526
22.789606859443115
22.795548159037708
22.801487262622185
22.807424172072917
22.81335888926374
22.819291416065976
22.82522175434841
22.83114990597735
22.837075872816555
22.8429996567273
22.84892125956837
22.854840683196038
22.860757929464096
22.866673000223862
22.872585897324143
22.878496622611294
22.884405177929196
22.890311565119255
22.896215786020395
22.90211784246914
22.908017736299477
22.913915469343017
22.919811043428883
22.92570446038377
22.931595722031926
22.9374848301952
22.94337178669295
22.949256593342174
22.955139251957416
22.961019764350816
22.966898132332076
22.972774357708552
22.97864844228513
22.98452038786433
22.990390196246288
22.99625786922873
23.002123408607012
23.007986816174075
23.013848093720547
23.01970724303462
23.02556426590216
23.031419164106623
23.037271939429164
23.04312259364853
23.048971128541147
23.0548175458811
23.060661847440084
23.066504034987506
23.072344110290413
23.078182075113514
23.08401793121922
23.08985168036759
23.0956833243164
23.101512864821053
23.107340303634704
23.113165642508164
23.11898888318994
23.124810027426282
23.130629076961096
23.13644603353603
23.14226089889041
23.14807367476134
23.153884362883588
23.15969296498967
23.165499482809853
23.171303918072102
23.17710627250214
23.182906547823418
23.188704745757164
23.194500868022324
23.200294916335608
23.2060868924115
23.211876797962205
23.217664634697737
23.223450404325853
23.22923410855209
23.2350157490798
23.240795327610037
23.24657284584171
23.252348305471486
23.258121708193833
23.263893055701008
23.26966234968309
23.275429591827933
23.281194783821217
23.286957927346442
23.29271902408491
23.298478075715728
23.30423508391587
23.3099900503601
23.31574297672103
23.321493864669105
23.327242715872615
23.332989531997654
23.33873431470824
23.34447706566614
23.350217786531086
23.355956478960564
23.36169314461
23.367427785132655
23.373160402179618
23.378890997399935
23.384619572440457
23.39034612894596
23.39607066855907
23.401793192920316
23.40751370366813
23.41323220243882
23.418948690866586
23.424663170583557
23.43037564321975
23.436086110403078
23.441794573759402
23.447501034912474
23.453205495483957
23.458907957093487
23.464608421358555
23.470306889894648
23.476003364315133
23.481697846231363
23.487390337252613
23.493080838986085
23.498769353036952
23.504455881008337
23.51014042450132
23.5158229851149
23.521503564446125
23.527182164089933
23.532858785639235
23.538533430684986
23.544206100815995
23.5498767976192
23.555545522679413
23.561212277579454
23.566877063900172
23.57253988322037
23.578200737116852
23.58385962716446
23.589516554935997
23.595171522002296
23.600824529932193
23.60647558029254
23.612124674648207
23.617771814562087
23.62341700159511
23.62906023730621
23.634701523252346
23.64034086098857
23.64597825206789
23.65161369804144
23.657247200458315
23.66287876086572
23.668508380808877
23.674136061831113
23.67976180547373
23.68538561327616
23.691007486775888
23.696627427508435
23.70224543700743
23.707861516804552
23.713475668429577
23.719087893410357
23.72469819327282
23.730306569540964
23.735913023736934
23.74151755738092
23.74712017199122
23.752720869084254
23.758319650174503
23.76391651677461
23.769511470395287
23.77510451254536
23.780695644731797
23.786284868459663
23.791872185232172
23.797457596550636
23.803041103914513
23.808622708821385
23.814202412766964
23.81978021724513
23.82535612374786
23.830930133765325
23.836502248785806
23.842072470295765
23.84764079977978
23.853207238720636
23.85877178859922
23.86433445089464
23.869895227084147
23.875454118643145
23.881011127045234
23.886566253762176
23.892119500263938
23.897670868018636
23.903220358492586
23.908767973150297
23.914313713454465
23.919857580865973
23.925399576843905
23.93093970284556
23.93647796032641
23.94201435074016
23.947548875538725
23.953081536172224
23.958612334088993
23.96414127073555
23.969668347556716
23.97519356599547
23.98071692749303
23.98623843348886
23.99175808542065
23.99727588472431
24.00279183283404
24.00830593118221
24.013818181199476
24.01932858431475
24.024837141955178
24.030343855546157
24.03584872651137
24.041351756272704
24.04685294625036
24.052352297862768
24.057849812526666
24.06334549165703
24.068839336667114
24.074331348968453
24.07982152997089
24.085309881082484
24.090796403709646
24.09628109925706
24.10176396912765
24.1072450147227
24.112724237441764
24.11820163868268
24.123677219841596
24.129150982313018
24.134622927489673
24.140093056762648
24.14556137152133
24.151027873153446
24.156492563045017
24.161955442580364
24.1674165131422
24.17287577611151
24.178333232867622
24.183788884788193
24.189242733249255
24.19469477962508
24.200145025288407
24.205593471610253
24.211040119959943
24.21648497170524
24.22192802821218
24.227369290845214
24.2328087609671
24.23824643993899
24.243682329120382
24.249116429869158
24.254548743541545
24.25997927149214
24.265408015073945
24.270834975638287
24.27626015453494
24.281683553111975
24.28710517271593
24.292525014691684
24.2979430803825
24.303359371130043
24.30877388827439
24.314186633153994
24.319597607105713
24.325006811464796
24.330414247564942
24.335819916738192
24.341223820315037
24.346625959624365
24.35202633599353
24.357424950748193
24.362821805212537
24.36821690070916
24.373610238559007
24.379001820081555
24.38439164659461
24.3897797194145
24.395166039855933
24.400550609232063
24.40593342885451
24.41131450003331
24.416693824076972
24.42207140229241
24.42744723598504
24.432821326458676
24.438193675015654
24.443564282956697
24.44893315158107
24.4543002821864
24.45966567606887
24.46502933452311
24.47039125884216
24.475751450317627
24.481109910239507
24.486466639896342
24.491821640575118
24.49717491356129
24.502526460138856
24.507876281590246
24.5132243791964
24.51857075423675
24.523915407989247
24.529258341730277
24.53459955673479
24.53993905427621
24.54527683562646
24.550612902055974
24.555947254833722
24.561279895227155
24.566610824502245
24.57194004392348
24.577267554753863
24.582593358254954
24.587917455686775
24.59323984830792
24.5985605373755
24.603879524145164
24.609196809871065
24.61451239580591
24.619826283200965
24.625138473306
24.630448967369347
24.6357577666379
24.64106487235704
24.64637028577076
24.651674008121596
24.6569760406506
24.662276384597387
24.66757504120019
24.67287201169573
24.678167297319334
24.683460899304873
24.688752818884794
24.69404305729012
24.699331615750435
24.704618495493907
24.709903697747265
24.715187223735857
24.72046907468354
24.725749251812818
24.73102775634477
24.736304589499046
24.741579752493898
24.746853246546138
24.75212507287123
24.757395232683205
24.762663727194695
24.767930557616886
24.77319572515967
24.778459231031462
24.783721076439313
24.788981262588887
24.79423979068443
24.799496661928856
24.80475187752366
24.81000543866893
24.815257346563456
24.820507602404568
24.825756207388277
24.831003162709187
24.836248469560534
24.8414921291342
24.846734142620722
24.85197451120922
24.85721323608749
24.86245031844195
24.867685759457665
24.872919560318365
24.878151722206397
24.88338224630276
24.888611133787133
24.89383838583781
24.89906400363177
24.90428798834462
24.90951034115067
24.914731063222835
24.91995015573273
24.925167619850633
24.93038345674549
24.93559766758489
24.940810253535147
24.946021215761192
24.95123055542664
24.956438273693838
24.961644371723736
24.96684885067606
24.972051711709106
24.977252955979957
24.982452584644307
24.9876505988566
24.992846999769935
24.998041788536128
25.00323496630566
25.008426534227745
25.013616493450293
25.01880484511987
25.023991590381836
25.029176730380158
25.034360266257565
25.03954219915551
25.04472253021412
25.04990126057224
25.05507839136747
25.06025392373607
25.06542785881309
25.070600197732237
25.075770941625976
25.080940091625493
25.086107648860693
25.091273614460224
25.096437989551458
25.101600775260504
25.106761972712203
25.11192158303012
25.117079607336617
25.122236046752725
25.127390902398247
25.132544175391757
25.137695866850528
25.14284597789063
25.147994509626848
25.153141463172748
25.15828683964063
25.163430640141545
25.16857286578533
25.17371351768058
25.178852596934615
25.183990104653564
25.189126041942284
25.194260409904462
25.199393209642473
25.20452444225753
25.20965410884957
25.214782210517352
25.219908748358392
25.22503372346896
25.23015713694416
25.23527898987784
25.240399283362642
25.245518018490003
25.25063519635014
25.255750818032066
25.26086488462357
25.26597739721126
25.271088356880544
25.27619776471557
25.281305621799376
25.28641192921373
25.291516688039238
25.296619899355292
25.3017215642401
25.30682168377068
25.311920259022855
25.317017291071288
25.322112780989407
25.32720672984948
25.332299138722615
25.33739000867871
25.342479340786486
25.3475671361135
25.352653395726126
25.357738120689568
25.36282131206786
25.367902970923872
25.372983098319267
25.37806169531461
25.38313876296923
25.388214302341346
25.39328831448799
25.39836080046505
25.403431761327226
25.408501198128114
25.41356911192011
25.418635503754473
25.423700374681292
25.42876372574957
25.433825558007086
25.438885872500528
25.44394467027541
25.44900195237609
25.45405771984585
25.45911197372677
25.464164715059805
25.4692159448848
25.47426566424047
25.479313874164347
25.484360575692865
25.489405769861364
25.494449457703986
25.499491640253797
25.504532318542736
25.509571493601598
25.51460916646009
25.519645338146766
25.524680009689085
25.529713182113394
25.534744856444885
25.539775033707713
25.544803714924857
25.549830901118224
25.554856593308585
25.559880792515617
25.564903499757936
25.56992471605298
25.57494444241714
25.57996267986571
25.58497942941284
25.58999469207162
25.595008468854058
25.60002076077105
25.605031568832402
25.61004089404682
25.615048737421965
25.62005509996435
25.625059982679453
25.630063386571653
25.63506531264426
25.640065761899475
25.645064735338433
25.650062233961236
25.65505825876684
25.660052810753186
25.665045890917096
25.67003750025437
25.675027639759683
25.680016310426733
25.685003513248027
25.689989249215127
25.694973519318477
25.699956324547447
25.704937665890384
25.70991754433455
25.714895960866194
25.71987291647043
25.72484841213141
25.729822448832174
25.734795027554753
25.739766149280065
25.74473581498808
25.749704025657632
25.75467078226657
25.75963608579164
25.764599937208633
25.76956233749222
25.774523287616095
25.779482788552876
25.784440841274172
25.789397446750538
25.794352605951495
25.799306319845577
25.804258589400224
25.809209415581932
25.814158799356047
25.819106741687058
25.824053243538287
25.82899830587208
25.833941929649814
25.838884115831785
25.843824865377297
25.848764179244625
25.85370205839107
25.858638503772866
25.863573516345262
25.86850709706253
25.873439246877858
25.87836996674352
25.883299257610698
25.888227120429633
25.893153556149546
25.898078565718624
25.903002150084127
25.907924310192254
25.912845046988213
25.917764361416257
25.922682254419623
25.927598726940534
25.93251377992026
25.937427414299055
25.942339631016218
25.947250431010012
25.952159815217765
25.957067784575784
25.961974340019424
25.96687948248304
25.97178321290001
25.976685532202758
25.98158644132268
25.98648594119027
25.991384032734963
25.996280716885295
26.00117599456879
26.00606986671204
26.010962334240617
26.01585339807916
26.020743059151354
26.02563131837989
26.030518176686503
26.035403634992
26.040287694216172
26.04517035527792
26.05005161909512
26.054931486584742
26.059809958662772
26.064687036244244
26.069562720243276
26.074437011572996
26.07930991114561
26.08418141987237
26.08905153866354
26.093920268428533
26.098787610075714
26.103653564512577
26.10851813264565
26.113381315380504
26.11824311362183
26.123103528273326
26.127962560237783
26.132820210417027
26.13767647971199
26.14253136902265
26.147384879248072
26.152237011286367
26.157087766034753
26.16193714438948
26.166785147245907
26.17163177549845
26.176477030040626
26.181320911764995
26.186163421563222
26.191004560326075
26.195844328943352
26.200682728303978
26.205519759295946
26.210355422806337
26.21518971972133
26.220022650926175
26.22485421730524
26.22968441974195
26.234513259118856
26.239340736317587
26.244166852218875
26.248991607702536
26.25381500364751
26.25863704093179
26.263457720432537
26.268277043025954
26.27309500958738
26.277911620991247
26.282726878111102
26.287540781819594
26.29235333298846
26.29716453248862
26.30197438118998
26.306782879961673
26.311590029671894
26.31639583118797
26.321200285376328