1.05 86.6195 4542.88 181956
1.05055 85.675 4439.13 175660
1.05111 84.7417 4337.7 169578
1.05167 83.8185 4238.55 163702
1.05225 82.9054 4141.62 158007
1.05282 82.0029 4046.87 152525
1.05341 81.1099 3954.25 147229
1.054 80.2274 3863.71 142113
1.05459 79.3549 3775.21 137172
1.05519 78.4914 3688.7 132398
1.0558 77.6377 3604.14 127788
1.05642 76.7942 3521.48 123335
1.05704 75.9591 3440.69 119034
1.05767 75.1346 3361.71 114879
1.05831 74.3184 3284.52 110867
1.05895 73.5122 3209.06 106991
1.05961 72.7133 3135.31 103249
1.06026 71.9245 3063.23 99634.1
1.06093 71.1444 2992.77 96143.3
1.0616 70.3729 2923.91 92772.1
1.06228 69.6094 2856.6 89516.6
1.06297 68.8553 2790.81 86372.5
1.06367 68.1098 2726.51 83336.5
1.06437 67.3723 2663.67 80404.8
1.06508 66.643 2602.25 77573.9
1.0658 65.922 2542.23 74840.4
1.06653 65.2092 2483.56 72201.1
1.06726 64.504 2426.23 69652.5
1.068 63.8074 2370.19 67191.8
1.06875 63.1178 2315.43 64816
1.06951 62.4368 2261.92 62522.2
1.07028 61.763 2209.61 60307.6
1.07106 61.0965 2158.5 58169.6
1.07184 60.4386 2108.56 56105.5
1.07264 59.7871 2059.75 54112.9
1.07344 59.1464 2012.05 52189.2
1.07425 58.5069 1965.44 50332.3
1.07507 57.8773 1919.89 48539.8
1.0759 57.255 1875.38 46814.4
1.07674 56.6396 1831.89 45143.9
1.07758 56.0314 1789.39 43531.6
1.07844 55.4299 1747.87 41975.3
1.07931 54.8356 1707.29 40473.3
1.08018 54.2475 1667.64 39023.6
1.08107 53.6672 1628.9 37621.1
1.08196 53.0924 1591.05 36271
1.08287 52.5243 1554.07 34968.1
1.08378 51.9635 1517.93 33710.8
1.08471 51.4079 1482.63 32497.5
1.08564 50.8596 1448.14 31326.7
1.08659 50.317 1414.44 30196.9
1.08755 49.7809 1381.51 29106.7
1.08851 49.2509 1349.35 28054.9
1.08949 48.7272 1317.92 27040
1.09048 48.2083 1287.22 26060.9
1.09148 47.6976 1257.23 25116.2
1.09249 47.1906 1227.93 24204.8
1.09351 46.6904 1199.31 23325.6
1.09454 46.196 1171.35 22477.4
1.09559 45.7073 1144.04 21659.2
1.09664 45.2242 1117.36 20869.9
1.09771 44.7469 1091.3 20108.7
1.09879 44.2748 1065.84 19374.4
1.09988 43.8076 1040.97 18666.1
1.10098 43.347 1016.69 17983
1.1021 42.8932 992.963 17324.3
1.10323 42.441 969.793 16688.9
1.10437 41.9959 947.162 16076.2
1.10552 41.5557 925.06 15485.4
1.10668 41.1203 903.473 14915.7
1.10786 40.6907 882.391 14366.3
1.10905 40.2658 861.801 13836.6
1.11026 39.8456 841.629 13325.9
1.11147 39.4304 822.058 12833.5
1.11271 39.0204 802.881 12358.8
1.11395 38.6146 784.156 11901.2
1.11521 38.2141 765.871 11460
1.11648 37.8182 748.015 11034.7
1.11777 37.4273 730.579 10624.8
1.11907 37.0407 713.555 10229.7
1.12038 36.6589 696.932 9848.86
1.12171 36.2834 680.701 9481.83
1.12306 35.9081 664.855 9128.11
1.12442 35.5402 649.383 8787.22
1.12579 35.1753 634.278 8458.74
1.12718 34.8155 619.531 8142.21
1.12858 34.4601 605.134 7837.22
1.13 34.1089 591.08 7543.36
1.13144 33.7623 577.36 7260.24
1.13289 33.4195 563.967 6987.48
1.13436 33.0808 550.893 6724.72
1.13584 32.7464 538.132 6471.6
1.13734 32.4158 525.676 6227.79
1.13886 32.0896 513.518 5992.94
1.14039 31.767 501.652 5766.76
1.14194 31.4482 490.07 5548.92
1.14351 31.1328 478.767 5339.14
1.1451 30.8222 467.736 5137.12
1.1467 30.5152 456.971 4942.68
1.14832 30.2119 446.466 4755.37
1.14996 29.9124 436.215 4575.03
1.15161 29.6164 426.211 4401.41
1.15329 29.3247 416.45 4234.27
1.15498 29.0352 406.927 4073.38
1.15669 28.7502 397.634 3918.51
1.15842 28.4688 388.568 3769.45
1.16017 28.1904 379.723 3625.98
1.16194 27.9159 371.094 3487.92
1.16373 27.6448 362.676 3355.06
1.16554 27.3773 354.465 3227.22
1.16737 27.1128 346.455 3104.22
1.16921 26.8516 338.641 2985.87
1.17108 26.5937 331.02 2872.02
1.17297 26.3397 323.588 2762.5
1.17488 26.0881 316.339 2657.16
1.17681 25.8401 309.269 2555.84
1.17877 25.5952 302.375 2458.39
1.18074 25.3534 295.652 2364.69
1.18274 25.1148 289.096 2274.58
1.18475 24.8789 282.704 2187.94
1.1868 24.6467 276.471 2104.64
1.18886 24.4168 270.395 2024.57
1.19094 24.1903 264.471 1947.59
1.19305 23.9669 258.696 1873.61
1.19518 23.7463 253.066 1802.5
1.19734 23.5285 247.578 1734.17
1.19952 23.3135 242.23 1668.51
1.20172 23.1017 237.017 1605.42
1.20395 22.8924 231.936 1544.81
1.2062 22.6864 226.985 1486.59
1.20848 22.4824 222.16 1430.67
1.21078 22.2813 217.459 1376.95
1.21311 22.0829 212.879 1325.37
1.21546 21.8874 208.416 1275.85
1.21784 21.6948 204.068 1228.29
1.22025 21.5044 199.833 1182.64
1.22268 21.3173 195.707 1138.82
1.22514 21.1323 191.689 1096.76
1.22763 20.9507 187.775 1056.4
1.23014 20.7704 183.964 1017.67
1.23268 20.5928 180.253 980.513
1.23525 20.4175 176.639 944.867
1.23785 20.2443 173.12 910.68
1.24048 20.0741 169.694 877.891
1.24313 19.9063 166.36 846.45
1.24582 19.7405 163.114 816.305
1.24853 19.5776 159.955 787.409
1.25128 19.4164 156.88 759.712
1.25405 19.2577 153.888 732.662
1.25686 19.1016 150.976 707.306
1.2597 18.9477 148.144 683.006
1.26256 18.796 145.388 659.725
1.26546 18.6467 142.708 637.423
1.26839 18.4993 140.1 616.065
1.27136 18.3541 137.565 595.615
1.27436 18.2114 135.099 576.039
1.27739 18.0706 132.702 557.304
1.28045 17.9319 130.371 539.377
1.28355 17.7952 128.106 522.228
1.28668 17.6607 125.904 505.84
1.28984 17.5282 123.764 490.158
1.29304 17.3975 121.685 475.168
1.29628 17.269 119.665 460.843
1.29955 17.1424 117.702 447.167
1.30286 17.0177 115.796 434.096
1.30621 16.8949 113.945 421.616
1.30959 16.7743 112.148 409.703
1.31301 16.6561 110.403 398.336
1.31646 16.5394 108.709 387.494
1.31996 16.4248 107.066 377.155
1.32349 16.312 105.471 367.301
1.32706 16.201 103.924 357.912
1.33068 16.0921 102.423 348.97
1.33433 15.9844 100.968 340.457
1.33802 15.879 99.557 332.353
1.34175 15.775 98.1895 324.649
1.34553 15.6729 96.8641 317.325
1.34934 15.5732 95.5798 310.368
1.3532 15.4746 94.3358 303.761
1.3571 15.378 93.1311 297.491
1.36105 15.283 91.9648 291.545
1.36503 15.1896 90.8359 285.911
1.36907 15.0978 89.7435 280.574
1.37314 15.0076 88.6868 275.525
1.37726 14.9192 87.6649 270.762
1.38143 14.8327 86.6769 266.252
1.38564 14.7475 85.7222 261.995
1.3899 14.6639 84.7998 257.983
1.39421 14.582 83.9091 254.205
1.39856 14.5016 83.0492 250.652
1.40296 14.4224 82.2195 247.313
1.40741 14.3452 81.4191 244.184
1.41191 14.2695 80.6475 241.247
1.41646 14.1952 79.9039 238.51
1.42106 14.1225 79.1877 235.956
1.42571 14.0512 78.4982 233.578
1.43041 13.9815 77.8347 231.417
1.43516 13.9128 77.1968 229.356
1.43997 13.845 76.5837 227.46
1.44483 13.7795 75.9948 225.723
1.44974 13.7141 75.4297 224.127
1.45471 13.6517 74.8874 222.67
1.45973 13.5906 74.3681 221.338
1.46481 13.5305 73.8708 220.147
1.46994 13.4727 73.3951 219.08
1.47513 13.4156 72.9405 218.132
1.48038 13.3598 72.5064 217.298
1.48568 13.3054 72.0924 216.572
1.49105 13.2524 71.6981 215.958
1.49647 13.2006 71.3228 215.442
1.50195 13.1504 70.9664 215.026
1.5075 13.1009 70.6282 214.697
1.5131 13.0518 70.3077 214.475
1.51877 13.0047 70.0035 214.33
1.5245 12.9614 69.7222 214.277
1.53029 12.9176 69.4517 214.303
1.53614 12.8743 69.1988 214.409
1.54207 12.8327 68.962 214.592
1.54805 12.7934 68.7409 214.847
1.5541 12.7528 68.535 215.174
1.56022 12.7143 68.3441 215.571
1.56641 12.6771 68.1678 216.035
1.57267 12.6392 68.0058 216.564
1.57899 12.6042 67.8578 217.156
1.58538 12.5705 67.7234 217.81
1.59185 12.5379 67.6024 218.522
1.59839 12.5062 67.4944 219.293
1.60499 12.4761 67.3992 220.099
1.61168 12.4468 67.3159 220.99
1.61843 12.4184 67.2475 221.928
1.62526 12.3897 67.1761 222.917
1.63217 12.3634 67.1334 223.955
1.63915 12.3383 67.0984 225.041
1.64621 12.3144 67.0786 226.176
1.65334 12.2918 67.0681 227.357
1.66056 12.2703 67.0678 228.585
1.66785 12.249 67.0778 229.858
1.67523 12.2287 67.0981 231.174
1.68269 12.2094 67.1287 232.535
1.69023 12.1922 67.1692 233.938
1.69785 12.1748 67.22 235.383
1.70556 12.157 67.2799 236.869
1.71335 12.1417 67.3493 238.396
1.72123 12.1274 67.4282 239.963
1.72919 12.1138 67.5163 241.57
1.73724 12.1015 67.6135 243.216
1.74539 12.0897 67.7197 244.901
1.75362 12.079 67.8347 246.625
1.76194 12.0694 67.9584 248.386
1.77035 12.0606 68.0906 250.186
1.77886 12.0527 68.2312 252.022
1.78746 12.0455 68.3801 253.897
1.79616 12.0395 68.5371 255.808
1.80495 12.0008 68.7022 257.756
1.81384 11.9987 68.8753 259.741
1.82283 11.9973 69.0562 261.763
1.83192 11.9965 69.2448 263.822
1.84111 11.9855 69.4411 265.917
1.85039 11.9867 69.6449 268.048
1.85979 11.9886 69.8562 270.217
1.86928 11.9912 70.0749 272.422
1.87888 11.9944 70.3009 274.664
1.88859 11.9983 70.5341 276.942
1.8984 12.0029 70.7745 279.258
1.90832 12.0082 71.0219 281.61
1.91835 12.0141 71.2763 284
1.9285 12.0207 71.5378 286.427
1.93875 12.0279 71.8061 288.892
1.94912 12.0358 72.0812 291.395
1.9596 12.0444 72.3631 293.935
1.9702 12.0677 72.6518 296.514
1.98091 12.0766 72.9472 299.132
1.99174 12.0862 73.2492 301.788
2.0027 12.0957 73.5579 304.484
2.01377 12.1068 73.8731 307.219
2.02497 12.1185 74.1948 309.994
2.03629 12.1309 74.5231 312.809
2.04773 12.1438 74.8579 315.665
2.0593 12.1574 75.1991 318.562
2.071 12.1718 75.5467 321.5
2.08283 12.187 75.9007 324.48
2.09479 12.2025 76.2611 327.502
2.10688 12.219 76.6281 330.567
2.1191 12.236 77.0012 333.675
2.13146 12.2536 77.3808 336.826
2.14396 12.2719 77.7667 340.022
2.15659 12.2906 78.1591 343.261
2.16936 12.3104 78.5578 346.54
2.18228 12.3307 78.9628 349.876
2.19533 12.3514 79.3739 353.258
2.20853 12.3726 79.792 356.682
2.22188 12.3948 80.2156 360.153
2.23538 12.4175 80.646 363.676
2.24902 12.4405 81.0827 367.236
2.26281 12.4644 81.5258 370.857
2.27676 12.4889 81.9752 374.524
2.29086 12.514 82.4311 378.244
2.30512 12.5394 82.8931 382.011
2.31953 12.5658 83.3618 385.831
2.3341 12.5923 83.8369 389.703
2.34883 12.6197 84.3183 393.628
2.36373 12.6476 84.8059 397.606
2.37879 12.676 85.3018 401.639
2.39402 12.705 85.8037 405.728
2.40941 12.7345 86.3111 409.88
2.42498 12.7646 86.8254 414.078
2.44072 12.7952 87.3463 418.336
2.45663 12.8262 87.8738 422.653
2.47271 12.8579 88.4082 427.026
2.48898 12.8902 88.9493 431.462
2.50542 12.9227 89.4972 435.958
2.52205 12.956 90.0519 440.516
2.53886 12.9897 90.6134 445.136
2.55585 13.024 91.1818 449.82
2.57303 13.0588 91.7572 454.567
2.59041 13.0941 92.3395 459.38
2.60797 13.1299 92.9288 464.258
2.62573 13.1663 93.5251 469.203
2.64368 13.2031 94.1285 474.215
2.66184 13.2404 94.7391 479.296
2.68019 13.2782 95.3554 484.447
2.69874 13.3165 95.9825 489.668
2.7175 13.3553 96.6147 494.961
2.73647 13.3946 97.2543 500.326
2.75565 13.4341 97.9014 505.764
2.77504 13.4743 98.556 511.278
2.79464 13.515 99.2182 516.866
2.81446 13.5562 99.8878 522.532
2.8345 13.5979 100.565 528.275
2.85476 13.64 101.25 534.097
2.87524 13.6826 101.943 539.998
2.89595 13.7257 102.643 545.981
2.91689 13.7692 103.352 552.046
2.93806 13.8132 104.068 558.195
2.95946 13.8576 104.792 564.427
2.9811 13.9025 105.525 570.746
3.00298 13.9479 106.265 577.151
3.0251 13.9937 107.014 583.645
3.04747 14.04 107.771 590.228
3.07008 14.0867 108.536 596.901
3.09294 14.1339 109.31 603.666
3.11606 14.1816 110.092 610.525
3.13943 14.2296 110.883 617.478
3.16305 14.2782 111.682 624.527
3.18694 14.3271 112.49 631.673
3.21109 14.3766 113.306 638.918
3.23551 14.4264 114.132 646.262
3.2602 14.4769 114.966 653.708
3.28516 14.5277 115.81 661.257
3.3104 14.5789 116.662 668.91
3.33591 14.6305 117.524 676.669
3.36171 14.6826 118.394 684.535
3.38779 14.7351 119.274 692.509
3.41416 14.7881 120.164 700.594
3.44083 14.8414 121.063 708.791
3.46778 14.8953 121.971 717.101
3.49503 14.9495 122.889 725.526
3.52259 15.0042 123.817 734.067
3.55045 15.0593 124.754 742.727
3.57862 15.1149 125.701 751.507
3.60709 15.1708 126.659 760.408
3.63588 15.2273 127.626 769.432
3.66499 15.2841 128.603 778.582
3.69443 15.3414 129.591 787.858
3.72418 15.3989 130.589 797.262
3.75427 15.4571 131.597 806.797
3.78469 15.5157 132.616 816.464
3.81544 15.5747 133.646 826.265
3.84653 15.6341 134.686 836.202
3.87797 15.694 135.737 846.277
3.90975 15.7543 136.798 856.491
3.94189 15.815 137.871 866.847
3.97438 15.8762 138.955 877.346
4.00723 15.9378 140.049 887.991
4.04044 15.9998 141.155 898.783
4.07401 16.0623 142.273 909.726
4.10796 16.1252 143.402 920.82
4.14229 16.1885 144.542 932.067
4.17699 16.2523 145.694 943.471
4.21208 16.3165 146.858 955.033
4.24755 16.3811 148.034 966.755
4.28341 16.4461 149.221 978.639
4.31968 16.5116 150.421 990.689
4.35634 16.5775 151.632 1002.9
4.3934 16.6439 152.856 1015.29
4.43088 16.7107 154.093 1027.85
4.46877 16.7779 155.342 1040.58
4.50708 16.8455 156.603 1053.49
4.54581 16.9136 157.877 1066.57
4.58497 16.9822 159.164 1079.84
4.62456 17.0511 160.464 1093.29
4.66459 17.1205 161.777 1106.93
4.70506 17.1903 163.103 1120.76
4.74598 17.2608 164.442 1134.77
4.78735 17.3315 165.795 1148.98
4.82917 17.4026 167.161 1163.39
4.87146 17.4742 168.54 1178
4.91422 17.5462 169.933 1192.81
4.95745 17.6187 171.341 1207.82
5.00115 17.6915 172.762 1223.04
5.04534 17.7649 174.197 1238.47
5.09002 17.8386 175.646 1254.12
5.13518 17.9129 177.11 1269.98
5.18085 17.9875 178.588 1286.06
5.22703 18.0626 180.08 1302.36
5.27371 18.1381 181.587 1318.89
5.32091 18.2141 183.109 1335.64
5.36862 18.2905 184.646 1352.62
5.41687 18.3674 186.198 1369.84
5.46565 18.4447 187.765 1387.3
5.51497 18.5225 189.347 1404.99
5.56483 18.6007 190.945 1422.93
5.61524 18.6793 192.558 1441.11
5.66621 18.7584 194.187 1459.55
5.71774 18.838 195.832 1478.24
5.76985 18.918 197.492 1497.18
5.82252 18.9984 199.169 1516.38
5.87578 19.0793 200.862 1535.85
5.92963 19.1607 202.571 1555.59
5.98407 19.2425 204.296 1575.59
6.03911 19.3247 206.039 1595.87
6.09477 19.4074 207.797 1616.42
6.15103 19.4906 209.573 1637.26
6.20792 19.5742 211.366 1658.38
6.26543 19.6583 213.176 1679.79
6.32358 19.7428 215.003 1701.49
6.38238 19.8277 216.847 1723.48
6.44182 19.9132 218.709 1745.78
6.50192 19.9991 220.589 1768.38
6.56268 20.0854 222.486 1791.29
6.62411 20.1722 224.402 1814.51
6.68622 20.2595 226.335 1838.04
6.74902 20.3472 228.287 1861.89
6.81251 20.4354 230.257 1886.07
6.8767 20.524 232.246 1910.58
6.9416 20.6131 234.253 1935.41
7.00722 20.7027 236.28 1960.58
7.07356 20.7927 238.325 1986.1
7.14064 20.8832 240.389 2011.96
7.20845 20.9742 242.473 2038.16
7.27702 21.0656 244.576 2064.72
7.34634 21.1575 246.698 2091.64
7.41643 21.2498 248.84 2118.92
7.48729 21.3427 251.002 2146.57
7.55893 21.4359 253.185 2174.59
7.63137 21.5297 255.387 2202.98
7.70461 21.6239 257.609 2231.76
7.77865 21.7186 259.853 2260.92
7.85351 21.8138 262.116 2290.47
7.9292 21.9094 264.401 2320.42
8.00573 22.0055 266.706 2350.77
8.08309 22.1021 269.033 2381.52
8.16132 22.1991 271.381 2412.69
8.24041 22.2966 273.75 2444.27
8.32037 22.3946 276.141 2476.27
8.40121 22.493 278.553 2508.69
8.48295 22.592 280.988 2541.55
8.56559 22.6914 283.444 2574.84
8.64914 22.7913 285.923 2608.58
8.73362 22.8916 288.424 2642.76
8.81903 22.9924 290.948 2677.39
8.90538 23.0938 293.495 2712.48
8.99268 23.1955 296.064 2748.04
9.08095 23.2978 298.656 2784.06
9.1702 23.4006 301.272 2820.56
9.26043 23.5039 303.911 2857.54
9.35165 23.6076 306.573 2895
9.44389 23.7117 309.259 2932.96
9.53714 23.8164 311.97 2971.42
9.63142 23.9215 314.704 3010.37
9.72675 24.0271 317.462 3049.84
9.82312 24.1332 320.245 3089.83
9.92056 24.2398 323.052 3130.34
10.0191 24.3469 325.884 3171.37
10.1187 24.4544 328.742 3212.94
10.2194 24.5624 331.624 3255.05
10.3212 24.6709 334.531 3297.71
10.4241 24.7799 337.464 3340.93
10.5282 24.8894 340.422 3384.7
10.6335 24.9993 343.407 3429.04
10.7398 25.1098 346.417 3473.95
10.8474 25.2207 349.454 3519.44
10.9562 25.3321 352.516 3565.53
11.0661 25.444 355.606 3612.2
11.1773 25.5564 358.722 3659.47
11.2897 25.6693 361.864 3707.36
11.4033 25.7826 365.034 3755.85
11.5182 25.8965 368.232 3804.97
11.6344 26.0108 371.456 3854.72
11.7518 26.1256 374.708 3905.11
11.8706 26.2409 377.988 3956.13
11.9906 26.3567 381.296 4007.81
12.112 26.473 384.633 4060.15
12.2347 26.5898 387.997 4113.15
12.3588 26.707 391.39 4166.83
12.4842 26.8248 394.812 4221.19
12.611 26.943 398.263 4276.23
12.7393 27.0618 401.743 4331.97
12.8689 27.181 405.252 4388.42
13 27.3007 408.791 4445.58
